#     HJD               B           errB
2459656.62968769      14.7148       0.0063
2459656.63866837      14.6769       0.0063
2459656.64075152      14.6620       0.0063
2459656.64283467      14.6538       0.0063
2459656.64492939      14.6264       0.0063
2459656.64701254      14.6126       0.0063
2459656.65158390      14.5976       0.0063
2459656.65365548      14.5779       0.0054
2459656.65572705      14.5558       0.0054
2459656.65779863      14.5646       0.0063
2459656.66512437      14.5145       0.0054
2459656.66719595      14.5047       0.0054
2459656.66925595      14.4958       0.0054
2459656.67132752      14.4981       0.0063
2459656.67338753      14.4817       0.0063
2459656.67545910      14.4565       0.0063
2459656.67751911      14.4643       0.0063
2459656.67854332      14.4545       0.0098
2459656.68000731      14.4617       0.0054
2459656.68206732      14.4533       0.0054
2459656.68413889      14.4580       0.0054
2459656.68619889      14.4467       0.0054
2459656.68850193      14.4479       0.0054
2459656.69056193      14.4522       0.0054
2459656.69263351      14.4521       0.0054
2459656.69470509      14.4600       0.0054
2459656.69676509      14.4528       0.0054
2459656.69883667      14.4546       0.0054
2459656.70089667      14.4591       0.0054
2459656.70296825      14.4747       0.0054
2459656.70503982      14.4685       0.0054
2459656.70709982      14.4892       0.0054
2459656.70917140      14.4859       0.0054
2459656.71124298      14.4991       0.0054
2459656.71330298      14.5189       0.0054
2459656.71537456      14.5189       0.0054
2459656.71744613      14.5284       0.0054
2459656.71951771      14.5372       0.0054
2459656.72157771      14.5357       0.0054
2459656.72364929      14.5501       0.0054
2459656.72572086      14.5684       0.0063
2459656.72778087      14.5749       0.0063
2459656.72985244      14.5883       0.0063
2459656.73192402      14.5980       0.0063
2459656.73399559      14.6131       0.0063
2459656.73605560      14.6223       0.0063
2459656.73812717      14.6428       0.0063
2459656.74019875      14.6326       0.0063
2459656.74227032      14.6452       0.0063
2459656.74433033      14.6625       0.0063
2459656.74640190      14.6737       0.0063
2459656.74847348      14.6814       0.0063
2459656.75054506      14.6741       0.0063
2459656.75261663      14.6765       0.0063
2459656.75468821      14.6600       0.0063
2459656.75675978      14.6599       0.0063
2459656.75883136      14.6407       0.0063
2459656.76090293      14.6392       0.0073
2459656.76297451      14.6255       0.0073
2459656.76504609      14.6078       0.0063
2459656.76711766      14.6095       0.0063
2459656.76918924      14.5803       0.0063
2459656.77126081      14.5751       0.0063
2459656.77333239      14.5555       0.0063
2459656.77540397      14.5475       0.0063
2459656.77747554      14.5371       0.0063
2459656.77954712      14.5264       0.0063
2459656.78161870      14.5034       0.0063
2459656.78369027      14.4893       0.0063
2459656.78576185      14.4954       0.0063
2459656.78783342      14.4699       0.0063
2459656.78990500      14.4531       0.0063
2459656.79197657      14.4526       0.0063
2459656.79404815      14.4484       0.0063
2459656.79611973      14.4380       0.0063
2459656.79819130      14.4252       0.0063
2459656.80026288      14.4290       0.0063
2459656.80234603      14.4109       0.0063
2459656.80441760      14.4077       0.0063
2459656.80648918      14.4116       0.0063
2459656.80857233      14.4129       0.0063
2459656.81064390      14.4192       0.0063
2459656.81271548      14.4195       0.0063
2459656.81478706      14.4141       0.0063
2459656.81687020      14.4034       0.0063
2459656.81894178      14.4150       0.0063
2459656.82101336      14.4116       0.0063
2459656.82309650      14.4192       0.0063
2459656.82516808      14.4368       0.0063
2459656.82725123      14.4422       0.0073
2459656.82932281      14.4482       0.0063
2459656.83139438      14.4527       0.0073
2459656.83347753      14.4721       0.0073
2459656.83554911      14.4754       0.0073
2459656.83763226      14.4882       0.0073
2459656.83970383      14.4913       0.0073
2459656.84177541      14.5018       0.0073
2459683.64646515      14.4958       0.0054
2459683.64854828      14.4734       0.0054
2459683.65061983      14.4720       0.0054
2459683.65267981      14.4662       0.0054
2459683.66080401      14.4539       0.0054
2459683.66309545      14.4511       0.0045
2459683.66516701      14.4568       0.0054
2459683.66722699      14.4523       0.0054
2459683.66928697      14.4516       0.0054
2459683.67135852      14.4473       0.0054
2459683.67341851      14.4658       0.0054
2459683.67444271      14.4600       0.0076
2459683.67589511      14.4737       0.0054
2459683.67693089      14.4745       0.0076
2459683.67838329      14.4847       0.0054
2459683.68044327      14.4813       0.0054
2459683.68250326      14.4966       0.0054
2459683.68457481      14.5057       0.0054
2459683.68663479      14.5065       0.0054
2459683.68870635      14.5198       0.0054
2459683.69076633      14.5336       0.0054
2459683.69283789      14.5447       0.0054
2459683.69512933      14.5507       0.0054
2459683.69720088      14.5614       0.0054
2459683.69926086      14.5654       0.0054
2459683.70133242      14.5861       0.0054
2459683.70339240      14.5951       0.0054
2459683.70546395      14.6041       0.0054
2459683.70752394      14.6194       0.0054
2459683.70958392      14.6277       0.0054
2459683.71165547      14.6416       0.0054
2459683.71372703      14.6422       0.0054
2459683.71578701      14.6414       0.0054
2459683.71784699      14.6692       0.0054
2459683.71991855      14.6751       0.0054
2459683.72197853      14.6740       0.0054
2459683.72405008      14.6796       0.0054
2459683.72612164      14.6644       0.0054
2459683.72818162      14.6775       0.0054
2459683.73025317      14.6578       0.0054
2459683.73231316      14.6554       0.0054
2459683.73438471      14.6263       0.0054
2459683.73645627      14.6282       0.0063
2459683.73851625      14.6230       0.0063
2459683.74058780      14.5960       0.0063
2459683.74265936      14.5816       0.0054
2459683.74471934      14.5764       0.0054
2459688.63033734      14.5258       0.0054
2459688.63238575      14.5132       0.0045
2459688.63443416      14.5089       0.0045
2459688.63649414      14.4963       0.0054
2459688.63854255      14.4922       0.0054
2459688.64060253      14.4914       0.0054
2459688.64265094      14.4720       0.0067
2459688.64471092      14.4614       0.0067
2459688.64675933      14.4620       0.0045
2459688.64881932      14.4530       0.0058
2459688.65086772      14.4450       0.0058
2459688.65292771      14.4282       0.0076
2459688.65497612      14.4476       0.0058
2459688.65703610      14.4412       0.0054
2459688.65908451      14.4442       0.0045
2459688.66114449      14.4323       0.0076
2459688.66319290      14.4380       0.0076
2459688.66525289      14.4414       0.0045
2459688.66731287      14.4411       0.0054
2459688.66936128      14.4507       0.0045
2459688.67142126      14.4538       0.0054
2459688.67348124      14.4684       0.0067
2459688.67554123      14.4643       0.0045
2459688.67758963      14.4787       0.0045
2459688.67964962      14.4710       0.0045
2459688.68170960      14.4884       0.0045
2459688.68375801      14.5005       0.0045
2459688.68581799      14.5187       0.0045
2459688.68787798      14.5194       0.0045
2459688.69048189      14.5351       0.0045
2459688.69254187      14.5472       0.0054
2459688.69460185      14.5476       0.0098
2459688.69665026      14.5665       0.0108
2459688.69871024      14.5763       0.0085
2459688.70078180      14.5887       0.0067
2459688.70285335      14.5990       0.0076
2459688.70697332      14.6256       0.0054
2459688.70958880      14.6448       0.0067
2459688.71164879      14.6438       0.0054
2459688.71370877      14.6576       0.0054
2459688.71576875      14.6609       0.0063
2459688.71784031      14.6606       0.0085
2459688.71988872      14.6789       0.0085
2459688.72194870      14.6669       0.0063
2459688.72400868      14.6524       0.0054
2459688.72605709      14.6420       0.0054
2459688.72811708      14.6435       0.0054
2459688.73017706      14.6185       0.0063
2459688.73223704      14.6194       0.0054
2459688.73428545      14.5964       0.0054
2459695.65568218      14.4401       0.0045
2459695.65775374      14.4592       0.0045
2459695.65981372      14.4550       0.0045
2459695.66187371      14.4517       0.0045
2459695.66393370      14.4587       0.0045
2459695.66599368      14.4691       0.0045
2459695.66806524      14.4796       0.0045
2459695.67012523      14.4941       0.0045
2459695.68598018      14.5580       0.0054
2459695.68804017      14.5774       0.0054
2459695.69010015      14.5831       0.0054
2459695.69214857      14.5938       0.0054
2459695.69420855      14.6063       0.0054
2459695.69626854      14.6257       0.0054
2459695.69832852      14.6344       0.0054
2459695.70377939      14.6707       0.0054
2459695.70582780      14.6127       0.0054
2459695.70788779      14.6793       0.0054
2459695.70994777      14.6854       0.0054
2459695.71200776      14.6938       0.0054
2459695.71406775      14.6848       0.0054
2459695.71611616      14.6833       0.0054
2459695.71817615      14.6827       0.0054
2459695.72023613      14.6646       0.0054
2459695.72228455      14.6632       0.0054
2459695.72434453      14.6424       0.0054
2459695.72640452      14.6323       0.0054
2459695.72846451      14.6179       0.0054
2459695.73052449      14.6075       0.0054
2459695.73258448      14.5914       0.0054
2459695.73463289      14.5868       0.0054
2459695.73669288      14.5613       0.0054
2459695.73875286      14.5503       0.0054
2459695.74081285      14.5400       0.0054
2459695.74287284      14.5220       0.0054
2459695.74493282      14.5113       0.0054
2459695.74699281      14.4997       0.0054
2459695.74904122      14.4824       0.0054
2459695.75110121      14.4747       0.0054
2459695.75314962      14.4755       0.0054
2459695.75520961      14.4565       0.0054
2459930.78030689      14.4461       0.0054
2459930.78236717      14.4297       0.0054
2459930.78442746      14.4271       0.0054
2459930.78648774      14.4247       0.0054
2459930.78854802      14.4219       0.0054
2459930.79060831      14.4157       0.0054
2459930.79266859      14.4244       0.0054
2459930.79678916      14.3926       0.0054
2459930.79884944      14.4250       0.0054
2459930.80090972      14.4309       0.0054
2459930.80297001      14.4222       0.0054
2459930.80503029      14.4433       0.0054
2459930.80710215      14.4479       0.0054
2459930.80916243      14.4430       0.0054
2459930.81122271      14.4544       0.0054
2459930.81328300      14.4595       0.0054
2459930.81534328      14.4791       0.0067
2459930.81740356      14.4828       0.0067
2459930.81946385      14.5042       0.0054
2459930.82152413      14.5055       0.0054
2459930.82564470      14.5280       0.0067
2459930.82770498      14.5431       0.0054
2459930.82977684      14.5491       0.0067
2459930.83183712      14.5672       0.0063
2459930.83389741      14.5717       0.0067
2459930.83595769      14.5933       0.0076
2459930.83801797      14.6087       0.0067
2459930.84007826      14.6333       0.0067
2459930.84213854      14.6480       0.0063
2459930.84419882      14.6640       0.0067
2459930.84627068      14.6719       0.0076
2459930.84833096      14.6862       0.0076
2459930.85039125      14.7072       0.0067
2459930.85245153      14.7098       0.0067
2459930.85451181      14.7220       0.0067
2459930.85658367      14.7339       0.0076
2459930.85864395      14.7209       0.0067
2459930.86070424      14.7335       0.0054
2459930.86276452      14.7208       0.0054
2459930.86482480      14.7092       0.0054
2459930.86688509      14.7026       0.0054
2459930.86894537      14.6927       0.0054
2459930.87100565      14.6728       0.0054
2459930.87307751      14.6541       0.0054
2459930.87513779      14.6420       0.0054
2459930.87719808      14.6267       0.0063
2459930.87925836      14.6053       0.0063
2459930.88339050      14.5838       0.0054
2459930.88545078      14.5731       0.0067
2459930.88751107      14.5632       0.0054
2459930.88957135      14.5614       0.0054
2459930.89163163      14.5208       0.0054
2459930.89370349      14.5222       0.0054
2459930.89576377      14.5124       0.0054
2459930.89782406      14.5122       0.0054
2459930.89988434      14.4970       0.0054
2459930.90195620      14.4889       0.0054
2459930.90401648      14.4810       0.0054
2459930.90607676      14.4722       0.0054
2459930.90814862      14.4567       0.0054
2459930.91020891      14.4531       0.0054
2459930.91226919      14.4430       0.0054
2459930.91432947      14.4421       0.0054
2459930.91640133      14.4378       0.0054
2459930.91846161      14.4342       0.0054
2459930.92052189      14.4352       0.0054
2459930.92486238      14.4317       0.0054
2459930.92692266      14.4372       0.0054
2459930.92899452      14.4371       0.0054
2459930.93105480      14.4357       0.0054
2459930.93311509      14.4389       0.0054
2459930.93518694      14.4471       0.0054
2459930.93724723      14.4612       0.0054
2459930.93930751      14.4575       0.0054
2459930.94137937      14.4702       0.0054
2459930.94343965      14.4735       0.0054
2459930.94549993      14.4888       0.0054
2459930.94757179      14.5008       0.0054
2459930.94963207      14.5112       0.0054
2459930.95169236      14.5142       0.0054
2459930.95376421      14.5279       0.0054
2459930.95582450      14.5333       0.0054
2459930.95789636      14.5474       0.0054
2459930.95995664      14.5619       0.0054
2459930.96201692      14.5816       0.0054
2459930.96408878      14.5954       0.0063
2459930.96614906      14.5901       0.0067
2459930.96820934      14.6182       0.0063
2459930.97028120      14.6240       0.0063
2459930.97234148      14.6323       0.0063
2459930.97440177      14.6392       0.0063
2459930.97647362      14.6470       0.0063
2459930.97853391      14.6510       0.0054
2459930.98059419      14.6595       0.0054
2459930.98266605      14.6580       0.0063
2459930.98472633      14.6581       0.0054
2459930.98679819      14.6557       0.0054
2459930.98885847      14.6492       0.0054
2459930.99091875      14.6420       0.0063
2459930.99299061      14.6365       0.0054
2459930.99505089      14.6205       0.0063
2459930.99711118      14.6006       0.0063
2459930.99918303      14.5996       0.0054
2459931.00124332      14.5816       0.0054
2459931.00330360      14.5680       0.0054
2459931.00537546      14.5567       0.0054
2459931.00744731      14.5517       0.0054
2459931.00950760      14.5358       0.0054
2459931.01157945      14.5277       0.0054
2459931.01363974      14.5170       0.0054
2459931.01570002      14.5034       0.0054
2459931.01777188      14.4893       0.0054
2459931.01983216      14.4795       0.0054
2459931.02189244      14.4731       0.0054
2459931.02396430      14.4618       0.0054
2459931.02602458      14.4495       0.0054
2459931.02809644      14.4479       0.0054
2459931.03015672      14.4315       0.0054
2459931.03221700      14.4292       0.0054
2459931.03408052      14.4260       0.0067
2459931.03615238      14.4207       0.0067
2459931.03821266      14.4160       0.0067
2459931.04028452      14.4091       0.0067
2459931.04234480      14.4245       0.0076
2459931.04440508      14.4080       0.0076
2459931.04647694      14.4044       0.0089
2459931.04853722      14.3881       0.0076
2459931.05060908      14.4178       0.0067
2459931.05266936      14.4272       0.0067
2459931.05474122      14.4038       0.0076
2459931.05681308      14.4274       0.0076
2459931.05887336      14.4247       0.0076
2460339.62667899      14.4643       0.0054
2460339.62893576      14.4622       0.0045
2460339.63119172      14.4581       0.0045
2460339.63345032      14.4328       0.0045
2460339.63570721      14.4284       0.0045
2460339.63796518      14.4310       0.0045
2460339.64022636      14.4216       0.0045
2460339.64248161      14.4117       0.0045
2460339.64473895      14.4159       0.0045
2460339.64699971      14.4132       0.0045
2460339.64925743      14.4158       0.0045
2460339.65151482      14.4183       0.0045
2460339.65377321      14.4231       0.0045
2460339.65603033      14.4283       0.0045
2460339.65828914      14.4353       0.0045
2460339.66054466      14.4413       0.0045
2460339.66280157      14.4325       0.0045
2460339.66505923      14.4535       0.0045
2460339.66731676      14.4692       0.0045
2460339.66957335      14.4815       0.0045
2460339.67183260      14.4882       0.0045
2460339.67409120      14.4910       0.0045
2460339.67634850      14.5097       0.0045
2460339.67860699      14.5141       0.0045
2460339.68086375      14.5377       0.0045
2460339.68312232      14.5410       0.0045
2460339.68538238      14.5589       0.0045
2460339.68763947      14.5688       0.0045
2460339.68989899      14.5860       0.0045
2460339.69215768      14.6070       0.0045
2460339.69441678      14.6271       0.0045
2460339.69667579      14.6411       0.0045
2460339.69893259      14.6650       0.0054
2460339.70119192      14.6722       0.0054
2460339.70345343      14.6838       0.0054
2460339.70571421      14.6985       0.0054
2460339.70797441      14.7067       0.0054
2460339.71024112      14.7147       0.0054
2460339.71249105      14.7179       0.0054
2460339.71475031      14.7026       0.0054
2460339.71700896      14.7000       0.0054
2460339.71926787      14.6786       0.0054
2460339.72152543      14.6697       0.0054
2460339.72378645      14.6571       0.0054
2460339.72604572      14.6476       0.0054
2460339.72830506      14.6257       0.0054
2460339.73056441      14.6073       0.0054
2460339.73282597      14.5849       0.0054
2460339.73508583      14.5740       0.0054
2460339.73735723      14.5541       0.0054
2460339.73960946      14.5491       0.0054
2460339.74186985      14.5329       0.0054
2460339.74413002      14.5227       0.0054
2460339.74639031      14.5068       0.0045
2460339.74865084      14.4960       0.0054
2460339.75091123      14.4992       0.0054
2460339.75318018      14.4767       0.0045
2460339.75543243      14.4707       0.0045
2460339.75769204      14.4568       0.0045
2460339.75995920      14.4446       0.0045
2460339.76221339      14.4501       0.0045
2460339.76447357      14.4382       0.0045
2460339.76673767      14.4407       0.0045
2460339.76899496      14.4249       0.0045
2460339.77125501      14.4236       0.0045
2460339.77351624      14.4238       0.0045
2460339.77577735      14.4229       0.0045
2460339.77803901      14.4293       0.0045
2460339.78030198      14.4275       0.0045
2460339.78256164      14.4300       0.0045
2460339.78482253      14.4482       0.0045
2460339.78709244      14.4499       0.0045
2460339.78934330      14.4489       0.0045
2460339.79160343      14.4601       0.0054
2460339.79386669      14.4737       0.0045
2460339.79612859      14.4857       0.0054
2460339.79839109      14.4902       0.0054
2460339.80065183      14.5102       0.0054
2460339.80291313      14.5202       0.0054
2460339.80517502      14.5368       0.0054
2460339.80743780      14.5548       0.0054
2460339.80970040      14.5652       0.0054
2460339.81196088      14.5655       0.0054
2460339.81422067      14.5768       0.0054
2460339.81648642      14.5989       0.0054
2460339.81875038      14.6127       0.0054
2460339.82101239      14.6357       0.0054
2460339.82327329      14.6477       0.0054
2460339.82553496      14.6643       0.0054
2460339.82779593      14.6710       0.0054
2460339.83005899      14.6772       0.0054
2460339.83232799      14.6850       0.0054
2460339.83458885      14.6847       0.0054
2460339.83685295      14.6922       0.0054
2460339.83911654      14.6908       0.0054
2460339.84137989      14.6823       0.0054
2460339.84365455      14.6673       0.0054
2460339.84590741      14.6614       0.0054
2460339.84817094      14.6452       0.0054
2460339.85043468      14.6317       0.0054
2460339.85269717      14.6186       0.0054
2460339.85495952      14.6011       0.0054
2460339.85722418      14.5812       0.0054
2460339.85948656      14.5686       0.0054
2460339.86175224      14.5539       0.0054
2460339.86401698      14.5422       0.0054
2460339.86628100      14.5284       0.0054
2460339.86854559      14.5215       0.0054
2460339.87080933      14.4965       0.0054
2460339.87307470      14.4910       0.0054
2460339.87533971      14.4908       0.0054
2460339.87760231      14.4726       0.0054
2460339.87986729      14.4592       0.0054
2460339.88213205      14.4446       0.0054
2460339.88439694      14.4389       0.0054
2460339.88666377      14.4436       0.0054
2460339.88892806      14.4294       0.0054
2460339.89119282      14.4178       0.0054
2460339.89345996      14.4177       0.0054
2460339.89572380      14.4216       0.0054
2460339.89798848      14.4266       0.0054
2460339.90025349      14.4178       0.0054
2460339.90251974      14.4268       0.0054
2460339.90478600      14.4194       0.0054
2460339.90705215      14.4269       0.0054
2460339.90931662      14.4374       0.0054
2460339.91158350      14.4424       0.0054
2460339.91384664      14.4461       0.0054
2460339.91610980      14.4577       0.0054
2460339.91837641      14.4747       0.0054
2460339.92063933      14.4749       0.0054
2460339.92290405      14.4870       0.0054
2460339.92516920      14.5042       0.0054
2460339.92743593      14.5023       0.0054
2460339.92970106      14.5240       0.0054
2460339.93196687      14.5424       0.0054
2460339.93423258      14.5400       0.0054
2460339.93650000      14.5572       0.0054
2460339.93876385      14.5865       0.0054
2460339.94102990      14.5915       0.0054
2460339.94329938      14.6106       0.0063
2460339.94556714      14.6359       0.0063
2460339.94783378      14.6439       0.0063
2460339.95010122      14.6497       0.0063
2460339.95236529      14.6796       0.0063
2460339.95463434      14.6689       0.0063
2460339.95690107      14.7048       0.0063
2460339.95916829      14.7040       0.0063
2460339.96143402      14.6991       0.0063
2460339.96370304      14.7068       0.0063
2460339.96597229      14.7081       0.0063
2460339.96824039      14.6822       0.0063
2460339.97050908      14.6590       0.0063
2460339.97277630      14.6466       0.0063
2460339.97504269      14.6389       0.0063
2460339.97731194      14.6150       0.0063
2460339.97958062      14.5971       0.0063
2460339.98184726      14.5675       0.0063
2460339.98412190      14.5657       0.0063
2460339.98638034      14.5636       0.0063
2460339.98864697      14.5354       0.0063
2460339.99091383      14.5301       0.0063
2460339.99318134      14.5117       0.0063
2460339.99545073      14.4999       0.0063
2460339.99771809      14.4919       0.0063
2460339.99998706      14.5010       0.0063
