#     HJD               I           errI
2459656.62828156      12.9986       0.0045
2459656.63727382      12.9519       0.0036
2459656.63935697      12.9487       0.0045
2459656.64144012      12.9283       0.0036
2459656.64352327      12.9202       0.0045
2459656.64560642      12.9047       0.0036
2459656.64768957      12.8946       0.0036
2459656.65018935      12.8842       0.0036
2459656.65226092      12.8686       0.0036
2459656.65433250      12.8496       0.0036
2459656.65640408      12.8495       0.0036
2459656.65847565      12.8422       0.0036
2459656.66374139      12.8269       0.0036
2459656.66580139      12.8115       0.0036
2459656.66787297      12.8043       0.0036
2459656.66993297      12.7991       0.0036
2459656.67200455      12.7908       0.0036
2459656.67406455      12.7867       0.0036
2459656.67613613      12.7775       0.0036
2459656.68068434      12.7641       0.0036
2459656.68274434      12.7685       0.0036
2459656.68481592      12.7607       0.0036
2459656.68687592      12.7640       0.0036
2459656.68917896      12.7601       0.0036
2459656.69123896      12.7620       0.0036
2459656.69331053      12.7616       0.0036
2459656.69538211      12.7596       0.0036
2459656.69744211      12.7652       0.0036
2459656.69951369      12.7690       0.0036
2459656.70157369      12.7690       0.0036
2459656.70364527      12.7778       0.0036
2459656.70571684      12.7799       0.0036
2459656.70777685      12.7945       0.0036
2459656.70984842      12.7985       0.0036
2459656.71192000      12.7991       0.0036
2459656.71399158      12.8148       0.0036
2459656.71605158      12.8202       0.0036
2459656.71812316      12.8293       0.0036
2459656.72019473      12.8359       0.0036
2459656.72225473      12.8469       0.0036
2459656.72432631      12.8569       0.0036
2459656.72639789      12.8672       0.0036
2459656.72846946      12.8717       0.0036
2459656.73054104      12.8916       0.0036
2459656.73260104      12.9046       0.0036
2459656.73467262      12.9071       0.0036
2459656.73674419      12.9269       0.0036
2459656.73880420      12.9272       0.0036
2459656.74087577      12.9512       0.0045
2459656.74294735      12.9432       0.0045
2459656.74501892      12.9541       0.0045
2459656.74709050      12.9523       0.0045
2459656.74915050      12.9616       0.0045
2459656.75122208      12.9611       0.0045
2459656.75329365      12.9680       0.0045
2459656.75536523      12.9536       0.0045
2459656.75743681      12.9503       0.0045
2459656.75950838      12.9369       0.0045
2459656.76157996      12.9242       0.0045
2459656.76365153      12.9136       0.0045
2459656.76572311      12.9005       0.0045
2459656.76779469      12.8952       0.0036
2459656.76986626      12.8865       0.0036
2459656.77193784      12.8787       0.0036
2459656.77400941      12.8598       0.0036
2459656.77608099      12.8547       0.0036
2459656.77815257      12.8473       0.0036
2459656.78022414      12.8237       0.0036
2459656.78229572      12.8192       0.0036
2459656.78437887      12.8139       0.0036
2459656.78643887      12.8030       0.0036
2459656.78851045      12.7918       0.0036
2459656.79058202      12.7858       0.0036
2459656.79266517      12.7787       0.0036
2459656.79473675      12.7735       0.0036
2459656.79679675      12.7624       0.0036
2459656.79887990      12.7596       0.0036
2459656.80095147      12.7498       0.0036
2459656.80302305      12.7481       0.0036
2459656.80509463      12.7481       0.0036
2459656.80717778      12.7370       0.0036
2459656.80924935      12.7439       0.0036
2459656.81132093      12.7394       0.0036
2459656.81339250      12.7345       0.0036
2459656.81547565      12.7345       0.0036
2459656.81754723      12.7460       0.0036
2459656.81961880      12.7501       0.0036
2459656.82170195      12.7552       0.0036
2459656.82377353      12.7517       0.0036
2459656.82585668      12.7645       0.0045
2459656.82792825      12.7641       0.0036
2459656.82999983      12.7689       0.0036
2459656.83208298      12.7806       0.0036
2459656.83415455      12.7882       0.0036
2459656.83623770      12.7947       0.0036
2459656.83830928      12.8148       0.0045
2459656.84038085      12.8165       0.0045
2459656.84246400      12.8251       0.0045
2459683.64507061      12.8016       0.0036
2459683.64715374      12.7850       0.0036
2459683.64922529      12.7789       0.0036
2459683.65129685      12.7766       0.0036
2459683.65886554      12.7675       0.0036
2459683.66148103      12.7613       0.0036
2459683.66377247      12.7664       0.0036
2459683.66584402      12.7659       0.0036
2459683.66790400      12.7685       0.0036
2459683.66997556      12.7692       0.0045
2459683.67203554      12.7691       0.0036
2459683.67906031      12.7883       0.0036
2459683.68112029      12.7956       0.0036
2459683.68319185      12.8017       0.0036
2459683.68525183      12.8050       0.0036
2459683.68732338      12.8149       0.0036
2459683.68938336      12.8211       0.0036
2459683.69144335      12.8269       0.0036
2459683.69374636      12.8445       0.0036
2459683.69580634      12.8494       0.0036
2459683.69787790      12.8523       0.0036
2459683.69993788      12.8623       0.0036
2459683.70200943      12.8808       0.0036
2459683.70406941      12.8791       0.0036
2459683.70614097      12.8940       0.0036
2459683.70820095      12.9078       0.0036
2459683.71027251      12.9225       0.0036
2459683.71233249      12.9193       0.0036
2459683.71440404      12.9367       0.0036
2459683.71646402      12.9409       0.0036
2459683.71853558      12.9588       0.0036
2459683.72059556      12.9577       0.0036
2459683.72266712      12.9684       0.0036
2459683.72472710      12.9607       0.0045
2459683.72679865      12.9608       0.0045
2459683.72885863      12.9565       0.0036
2459683.73093019      12.9508       0.0045
2459683.73300175      12.9391       0.0045
2459683.73506173      12.9339       0.0045
2459683.73713328      12.9223       0.0045
2459683.73920484      12.9031       0.0045
2459683.74126482      12.8948       0.0036
2459683.74333637      12.8787       0.0036
2459683.74540793      12.8712       0.0036
2459688.62894280      12.8391       0.0036
2459688.63100278      12.8262       0.0036
2459688.63305119      12.8152       0.0036
2459688.63509960      12.8128       0.0045
2459688.63715958      12.8058       0.0045
2459688.63920799      12.7886       0.0045
2459688.64126797      12.7869       0.0045
2459688.64331638      12.7802       0.0058
2459688.64537637      12.7776       0.0045
2459688.64742478      12.7708       0.0036
2459688.64948476      12.7667       0.0067
2459688.65153317      12.7630       0.0058
2459688.65359315      12.7558       0.0045
2459688.65564156      12.7570       0.0036
2459688.65770154      12.7562       0.0045
2459688.65974995      12.7565       0.0036
2459688.66180994      12.7419       0.0089
2459688.66386992      12.7562       0.0067
2459688.66591833      12.7573       0.0036
2459688.66797831      12.7657       0.0036
2459688.67002672      12.7655       0.0036
2459688.67208670      12.7749       0.0058
2459688.67414669      12.7797       0.0045
2459688.67620667      12.7875       0.0036
2459688.67825508      12.7918       0.0036
2459688.68031506      12.8013       0.0036
2459688.68237504      12.8006       0.0036
2459688.68442345      12.8097       0.0036
2459688.68648344      12.8265       0.0036
2459688.68854342      12.8310       0.0036
2459688.68943454      12.8346       0.0036
2459688.69115890      12.8444       0.0045
2459688.69320731      12.8661       0.0045
2459688.69526730      12.8601       0.0076
2459688.69732728      12.8758       0.0081
2459688.69939883      12.8817       0.0058
2459688.70145882      12.8836       0.0067
2459688.70351880      12.9040       0.0045
2459688.70559035      12.9137       0.0058
2459688.70765034      12.9409       0.0067
2459688.70854145      12.9270       0.0054
2459688.71026582      12.9354       0.0054
2459688.71232580      12.9481       0.0045
2459688.71438579      12.9511       0.0036
2459688.71644577      12.9638       0.0054
2459688.71850575      12.9407       0.0067
2459688.72055416      12.9514       0.0054
2459688.72261414      12.9644       0.0045
2459688.72467413      12.9498       0.0036
2459688.72672254      12.9378       0.0036
2459688.72878252      12.9406       0.0036
2459688.73084250      12.9258       0.0045
2459688.73290249      12.9159       0.0036
2459688.73495089      12.9027       0.0036
2459695.65429921      12.7676       0.0036
2459695.65635920      12.7610       0.0036
2459695.65843076      12.7569       0.0036
2459695.66049074      12.7713       0.0036
2459695.66253916      12.7747       0.0036
2459695.66461072      12.7750       0.0036
2459695.66667070      12.7763       0.0036
2459695.66873069      12.7837       0.0036
2459695.68459721      12.8518       0.0036
2459695.68664563      12.8595       0.0036
2459695.68870561      12.8699       0.0036
2459695.69076560      12.8833       0.0036
2459695.69282558      12.8908       0.0045
2459695.69488557      12.9072       0.0045
2459695.69693398      12.9165       0.0045
2459695.69899397      12.9251       0.0036
2459695.70239642      12.9475       0.0045
2459695.70444483      12.9533       0.0045
2459695.70650482      12.9642       0.0045
2459695.70856481      12.9612       0.0045
2459695.71062479      12.9680       0.0045
2459695.71268478      12.9737       0.0045
2459695.71473319      12.9687       0.0045
2459695.71679318      12.9546       0.0045
2459695.71884159      12.9674       0.0045
2459695.72090158      12.9582       0.0045
2459695.72296156      12.9425       0.0045
2459695.72502155      12.9274       0.0045
2459695.72708154      12.9140       0.0045
2459695.72912995      12.9091       0.0036
2459695.73118994      12.8968       0.0036
2459695.73324992      12.8855       0.0036
2459695.73530991      12.8815       0.0036
2459695.73736990      12.8669       0.0036
2459695.73941831      12.8536       0.0036
2459695.74147830      12.8421       0.0036
2459695.74353828      12.8303       0.0036
2459695.74559827      12.8200       0.0036
2459695.74765825      12.8115       0.0036
2459695.74971824      12.8006       0.0036
2459695.75176665      12.7916       0.0036
2459695.75382664      12.7887       0.0036
2459695.75588663      12.7758       0.0036
2459930.77892372      12.7683       0.0036
2459930.78097243      12.7609       0.0036
2459930.78304429      12.7530       0.0036
2459930.78510457      12.7510       0.0036
2459930.78716485      12.7494       0.0036
2459930.78922514      12.7536       0.0036
2459930.79128542      12.7452       0.0036
2459930.79334570      12.7436       0.0036
2459930.79540599      12.7430       0.0036
2459930.79746627      12.7378       0.0036
2459930.79952655      12.7447       0.0036
2459930.80158684      12.7493       0.0036
2459930.80364712      12.7506       0.0036
2459930.80570740      12.7556       0.0036
2459930.80776769      12.7608       0.0036
2459930.80982797      12.7648       0.0036
2459930.81188826      12.7808       0.0036
2459930.81394854      12.7765       0.0045
2459930.81600882      12.7855       0.0036
2459930.81806910      12.7958       0.0045
2459930.82014096      12.8095       0.0045
2459930.82220125      12.8147       0.0036
2459930.82426153      12.8165       0.0045
2459930.82632181      12.8397       0.0045
2459930.82838210      12.8403       0.0036
2459930.83044238      12.8507       0.0045
2459930.83250266      12.8656       0.0045
2459930.83456295      12.8724       0.0058
2459930.83663480      12.8890       0.0045
2459930.83869509      12.9061       0.0045
2459930.84075537      12.9071       0.0045
2459930.84281565      12.9248       0.0045
2459930.84487594      12.9331       0.0045
2459930.84693622      12.9522       0.0045
2459930.84899650      12.9600       0.0054
2459930.85106836      12.9836       0.0058
2459930.85312865      12.9874       0.0045
2459930.85518893      12.9862       0.0054
2459930.85724921      12.9996       0.0045
2459930.85930949      12.9993       0.0045
2459930.86138135      12.9952       0.0045
2459930.86344164      12.9822       0.0045
2459930.86550192      12.9720       0.0045
2459930.86756220      12.9654       0.0045
2459930.86962249      12.9583       0.0045
2459930.87168277      12.9449       0.0045
2459930.87374305      12.9284       0.0045
2459930.87581491      12.9110       0.0045
2459930.87787519      12.9055       0.0045
2459930.87993548      12.8938       0.0045
2459930.88199576      12.8824       0.0036
2459930.88405604      12.8715       0.0045
2459930.88612790      12.8476       0.0045
2459930.88818818      12.8437       0.0036
2459930.89024847      12.8455       0.0045
2459930.89230875      12.8335       0.0036
2459930.89436903      12.8189       0.0036
2459930.89644089      12.8197       0.0045
2459930.89850117      12.8130       0.0036
2459930.90056146      12.7976       0.0036
2459930.90262174      12.7882       0.0036
2459930.90469360      12.7844       0.0036
2459930.90675388      12.7761       0.0036
2459930.90881416      12.7627       0.0036
2459930.91088602      12.7549       0.0036
2459930.91294630      12.7564       0.0036
2459930.91500659      12.7544       0.0036
2459930.91706687      12.7479       0.0036
2459930.91913873      12.7514       0.0036
2459930.92119901      12.7506       0.0036
2459930.92347921      12.7493       0.0036
2459930.92553949      12.7466       0.0036
2459930.92759978      12.7512       0.0036
2459930.92966006      12.7559       0.0036
2459930.93173192      12.7605       0.0036
2459930.93379220      12.7586       0.0036
2459930.93586406      12.7652       0.0036
2459930.93792434      12.7709       0.0036
2459930.93998463      12.7803       0.0036
2459930.94204491      12.7813       0.0045
2459930.94411677      12.7886       0.0036
2459930.94617705      12.7971       0.0036
2459930.94824891      12.8068       0.0036
2459930.95030919      12.8155       0.0036
2459930.95236947      12.8204       0.0036
2459930.95442975      12.8318       0.0036
2459930.95650161      12.8392       0.0036
2459930.95856189      12.8506       0.0036
2459930.96063375      12.8610       0.0045
2459930.96269404      12.8764       0.0045
2459930.96475432      12.8863       0.0045
2459930.96682618      12.8966       0.0045
2459930.96888646      12.9118       0.0045
2459930.97095832      12.9208       0.0045
2459930.97301860      12.9245       0.0045
2459930.97507888      12.9350       0.0045
2459930.97715074      12.9479       0.0045
2459930.97921102      12.9450       0.0045
2459930.98127130      12.9573       0.0045
2459930.98334316      12.9589       0.0045
2459930.98540345      12.9500       0.0045
2459930.98746373      12.9533       0.0045
2459930.98953559      12.9457       0.0045
2459930.99159587      12.9365       0.0045
2459930.99365615      12.9240       0.0045
2459930.99572801      12.9195       0.0045
2459930.99778829      12.9015       0.0045
2459930.99984857      12.8906       0.0045
2459931.00192043      12.8753       0.0045
2459931.00399229      12.8682       0.0036
2459931.00605257      12.8639       0.0045
2459931.00812443      12.8462       0.0036
2459931.01018471      12.8477       0.0036
2459931.01224499      12.8299       0.0036
2459931.01431685      12.8263       0.0036
2459931.01637713      12.8131       0.0045
2459931.01843742      12.8013       0.0036
2459931.02050927      12.7883       0.0036
2459931.02256956      12.7947       0.0036
2459931.02464141      12.7728       0.0036
2459931.02670170      12.7840       0.0036
2459931.02877355      12.7634       0.0036
2459931.03083384      12.7554       0.0036
2459931.03289412      12.7576       0.0045
2459931.03475763      12.7880       0.0045
2459931.03681792      12.7494       0.0045
2459931.03888977      12.7442       0.0045
2459931.04095006      12.7423       0.0045
2459931.04302191      12.7387       0.0058
2459931.04508220      12.7471       0.0058
2459931.04715405      12.7413       0.0067
2459931.04921434      12.7551       0.0058
2459931.05128619      12.7484       0.0058
2459931.05334648      12.7492       0.0058
2459931.05541833      12.7518       0.0058
2459931.05747862      12.7568       0.0058
2460339.62515711      12.8133       0.0045
2460339.62741274      12.7986       0.0045
2460339.62966850      12.7953       0.0045
2460339.63192517      12.7824       0.0045
2460339.63418390      12.7777       0.0045
2460339.63644172      12.7814       0.0045
2460339.63869860      12.7639       0.0045
2460339.64095746      12.7580       0.0045
2460339.64547322      12.7657       0.0045
2460339.64773318      12.7657       0.0045
2460339.64999145      12.7573       0.0045
2460339.65224915      12.7646       0.0045
2460339.65450779      12.7746       0.0045
2460339.65676471      12.7817       0.0045
2460339.65902228      12.7725       0.0045
2460339.66127880      12.7793       0.0045
2460339.66353508      12.7923       0.0045
2460339.66579299      12.7946       0.0045
2460339.66805031      12.7964       0.0045
2460339.67257716      12.8171       0.0045
2460339.67482473      12.8274       0.0045
2460339.67708204      12.8374       0.0045
2460339.67934100      12.8444       0.0045
2460339.68159687      12.8588       0.0045
2460339.68385658      12.8732       0.0045
2460339.68611593      12.8770       0.0045
2460339.68837402      12.8903       0.0045
2460339.69064050      12.9084       0.0045
2460339.69289169      12.9194       0.0045
2460339.69515093      12.9375       0.0045
2460339.69741006      12.9484       0.0045
2460339.69966773      12.9596       0.0045
2460339.70192626      12.9817       0.0045
2460339.70418827      12.9830       0.0045
2460339.70644871      12.9956       0.0045
2460339.70870822      12.9965       0.0045
2460339.71096668      13.0090       0.0045
2460339.71323184      12.9968       0.0045
2460339.71548349      12.9906       0.0045
2460339.71774320      12.9774       0.0045
2460339.72000225      12.9753       0.0045
2460339.72226072      12.9565       0.0045
2460339.72452644      12.9431       0.0045
2460339.72678084      12.9326       0.0045
2460339.72903906      12.9245       0.0045
2460339.73129890      12.9115       0.0045
2460339.73356012      12.8924       0.0045
2460339.73582063      12.8787       0.0045
2460339.73808599      12.8676       0.0045
2460339.74034414      12.8501       0.0045
2460339.74260421      12.8375       0.0045
2460339.74486393      12.8420       0.0045
2460339.74712537      12.8261       0.0045
2460339.74938515      12.8200       0.0045
2460339.75164544      12.8091       0.0045
2460339.75390896      12.7998       0.0045
2460339.75616727      12.7929       0.0045
2460339.75842642      12.7841       0.0045
2460339.76068706      12.7706       0.0045
2460339.76294771      12.7738       0.0045
2460339.76520746      12.7655       0.0045
2460339.76747309      12.7561       0.0045
2460339.76972979      12.7511       0.0045
2460339.77198903      12.7607       0.0045
2460339.77425044      12.7617       0.0045
2460339.77651179      12.7506       0.0045
2460339.77877304      12.7554       0.0045
2460339.78103947      12.7639       0.0045
2460339.78329613      12.7749       0.0045
2460339.78555709      12.7686       0.0045
2460339.78782719      12.7835       0.0045
2460339.79007776      12.7840       0.0045
2460339.79233894      12.7908       0.0045
2460339.79460176      12.7974       0.0045
2460339.79686307      12.8070       0.0045
2460339.79912575      12.8188       0.0045
2460339.80138626      12.8298       0.0045
2460339.80364807      12.8366       0.0045
2460339.80590974      12.8544       0.0045
2460339.80817229      12.8575       0.0045
2460339.81043507      12.8770       0.0045
2460339.81269529      12.8842       0.0045
2460339.81495546      12.8995       0.0045
2460339.81722113      12.9046       0.0045
2460339.81948636      12.9216       0.0045
2460339.82174721      12.9317       0.0045
2460339.82400864      12.9481       0.0045
2460339.82627043      12.9590       0.0045
2460339.82853144      12.9642       0.0045
2460339.83079643      12.9698       0.0045
2460339.83306249      12.9773       0.0045
2460339.83532422      12.9767       0.0045
2460339.83758794      12.9679       0.0045
2460339.83985224      12.9691       0.0045
2460339.84211493      12.9718       0.0045
2460339.84437931      12.9547       0.0045
2460339.84664247      12.9512       0.0045
2460339.84890561      12.9499       0.0045
2460339.85116970      12.9198       0.0045
2460339.85343233      12.9221       0.0045
2460339.85569459      12.8999       0.0045
2460339.85795914      12.8833       0.0045
2460339.86022192      12.8750       0.0045
2460339.86248781      12.8654       0.0045
2460339.86475257      12.8469       0.0045
2460339.86701604      12.8468       0.0045
2460339.86928065      12.8350       0.0045
2460339.87154646      12.8162       0.0045
2460339.87381168      12.8062       0.0045
2460339.87607449      12.8007       0.0045
2460339.87833804      12.7921       0.0045
2460339.88060247      12.7850       0.0045
2460339.88286733      12.7870       0.0045
2460339.88513253      12.7777       0.0045
2460339.88739876      12.7732       0.0045
2460339.88966355      12.7675       0.0045
2460339.89192911      12.7500       0.0045
2460339.89419537      12.7548       0.0045
2460339.89645863      12.7670       0.0045
2460339.89872429      12.7533       0.0045
2460339.90099000      12.7585       0.0045
2460339.90325513      12.7635       0.0045
2460339.90553020      12.7723       0.0045
2460339.90778780      12.7689       0.0045
2460339.91005223      12.7666       0.0045
2460339.91231664      12.7754       0.0045
2460339.91458201      12.7885       0.0045
2460339.91684498      12.7979       0.0045
2460339.91911877      12.8020       0.0045
2460339.92137486      12.8122       0.0045
2460339.92363965      12.8293       0.0045
2460339.92590491      12.8242       0.0045
2460339.92817111      12.8522       0.0045
2460339.93043693      12.8471       0.0045
2460339.93270264      12.8628       0.0045
2460339.93496932      12.8762       0.0045
2460339.93724344      12.9023       0.0045
2460339.93950004      12.8970       0.0045
2460339.94176725      12.9120       0.0045
2460339.94403513      12.9221       0.0045
2460339.94630278      12.9385       0.0045
2460339.94856867      12.9381       0.0045
2460339.95083449      12.9639       0.0045
2460339.95310706      12.9813       0.0045
2460339.95537739      12.9920       0.0054
2460339.95763741      12.9959       0.0054
2460339.95990413      12.9847       0.0054
2460339.96217052      12.9994       0.0054
2460339.96443911      12.9901       0.0054
2460339.96670859      12.9954       0.0054
2460339.96897650      12.9841       0.0054
2460339.97124507      12.9528       0.0054
2460339.97351213      12.9489       0.0054
2460339.97577931      12.9360       0.0054
2460339.97804825      12.9166       0.0045
2460339.98031673      12.9061       0.0045
2460339.98258291      12.8956       0.0045
2460339.98484989      12.8946       0.0045
2460339.98711639      12.8659       0.0045
2460339.98938315      12.8744       0.0045
2460339.99164969      12.8575       0.0045
2460339.99391711      12.8385       0.0045
2460339.99618717      12.8262       0.0045
2460339.99845486      12.8305       0.0045
