#     HJD               R           errR
2459656.62868662      13.4612       0.0045
2459656.63767888      13.4349       0.0054
2459656.63976203      13.4197       0.0054
2459656.64184518      13.4050       0.0045
2459656.64392833      13.3943       0.0045
2459656.64601148      13.3781       0.0045
2459656.64809462      13.3592       0.0045
2459656.65059440      13.3554       0.0045
2459656.65266598      13.3398       0.0045
2459656.65473756      13.3319       0.0045
2459656.65680913      13.3279       0.0045
2459656.66414645      13.2884       0.0045
2459656.66620645      13.2866       0.0045
2459656.66827803      13.2771       0.0045
2459656.67033803      13.2774       0.0054
2459656.67240960      13.2582       0.0045
2459656.67446961      13.2591       0.0045
2459656.67654118      13.2427       0.0045
2459656.67902939      13.2453       0.0045
2459656.68108939      13.2469       0.0045
2459656.68314940      13.2295       0.0045
2459656.68522097      13.2316       0.0045
2459656.68728097      13.2332       0.0045
2459656.68958401      13.2291       0.0045
2459656.69164402      13.2278       0.0045
2459656.69371559      13.2277       0.0045
2459656.69578717      13.2269       0.0045
2459656.69784717      13.2310       0.0045
2459656.69991875      13.2385       0.0045
2459656.70197875      13.2459       0.0045
2459656.70405033      13.2510       0.0045
2459656.70612190      13.2512       0.0045
2459656.70818190      13.2641       0.0045
2459656.71025348      13.2662       0.0045
2459656.71232506      13.2792       0.0045
2459656.71439663      13.2854       0.0045
2459656.71646821      13.2855       0.0045
2459656.71852821      13.2996       0.0045
2459656.72059979      13.3197       0.0045
2459656.72265979      13.3204       0.0045
2459656.72473137      13.3287       0.0045
2459656.72680294      13.3448       0.0045
2459656.72887452      13.3498       0.0045
2459656.73094609      13.3574       0.0045
2459656.73300610      13.3681       0.0045
2459656.73507767      13.3869       0.0045
2459656.73714925      13.3973       0.0045
2459656.73920925      13.4078       0.0045
2459656.74128083      13.4137       0.0054
2459656.74335241      13.4181       0.0054
2459656.74542398      13.4277       0.0054
2459656.74749556      13.4364       0.0054
2459656.74956713      13.4473       0.0054
2459656.75162714      13.4338       0.0054
2459656.75371028      13.4316       0.0054
2459656.75578186      13.4259       0.0054
2459656.75784186      13.4192       0.0054
2459656.75991344      13.4072       0.0054
2459656.76198502      13.3936       0.0054
2459656.76405659      13.3848       0.0054
2459656.76612817      13.3721       0.0054
2459656.76819974      13.3520       0.0045
2459656.77027132      13.3508       0.0045
2459656.77234290      13.3484       0.0045
2459656.77442604      13.3241       0.0045
2459656.77649762      13.3169       0.0045
2459656.77855762      13.3026       0.0045
2459656.78064077      13.2905       0.0045
2459656.78270078      13.2839       0.0045
2459656.78478392      13.2634       0.0045
2459656.78685550      13.2611       0.0045
2459656.78892708      13.2515       0.0045
2459656.79099865      13.2372       0.0045
2459656.79307023      13.2375       0.0045
2459656.79514180      13.2243       0.0045
2459656.79721338      13.2175       0.0045
2459656.79928496      13.2165       0.0045
2459656.80135653      13.2086       0.0045
2459656.80342811      13.1946       0.0045
2459656.80549968      13.2075       0.0045
2459656.80758283      13.2087       0.0045
2459656.80965441      13.2057       0.0045
2459656.81172598      13.2019       0.0045
2459656.81380913      13.2008       0.0045
2459656.81588071      13.2001       0.0045
2459656.81795229      13.2136       0.0045
2459656.82003543      13.2187       0.0045
2459656.82210701      13.2233       0.0054
2459656.82419016      13.2253       0.0045
2459656.82626173      13.2269       0.0054
2459656.82833331      13.2397       0.0045
2459656.83041646      13.2409       0.0045
2459656.83248803      13.2484       0.0045
2459656.83457118      13.2620       0.0045
2459656.83664276      13.2728       0.0054
2459656.83871434      13.2797       0.0054
2459656.84079748      13.2711       0.0054
2459683.64547566      13.2648       0.0045
2459683.64755879      13.2553       0.0045
2459683.64963035      13.2531       0.0045
2459683.65170190      13.2638       0.0045
2459683.65927060      13.2288       0.0045
2459683.66019064      13.2275       0.0036
2459683.66188608      13.2234       0.0045
2459683.66417752      13.2309       0.0045
2459683.66624907      13.2393       0.0045
2459683.66830906      13.2356       0.0045
2459683.67036904      13.2331       0.0054
2459683.67244059      13.2435       0.0045
2459683.67491720      13.2435       0.0045
2459683.67739381      13.2539       0.0045
2459683.67946536      13.2572       0.0045
2459683.68152534      13.2602       0.0045
2459683.68359690      13.2735       0.0045
2459683.68565688      13.2780       0.0045
2459683.68771686      13.2853       0.0045
2459683.68978842      13.2893       0.0045
2459683.69184840      13.3107       0.0045
2459683.69415141      13.3128       0.0045
2459683.69621139      13.3203       0.0045
2459683.69828295      13.3313       0.0045
2459683.70034293      13.3430       0.0045
2459683.70241449      13.3480       0.0045
2459683.70447447      13.3635       0.0045
2459683.70654602      13.3647       0.0045
2459683.70860600      13.3851       0.0045
2459683.71067756      13.3881       0.0045
2459683.71273754      13.3991       0.0045
2459683.71480910      13.4121       0.0045
2459683.71686908      13.4244       0.0045
2459683.71892906      13.4324       0.0045
2459683.72100061      13.4286       0.0045
2459683.72307217      13.4309       0.0045
2459683.72513215      13.4392       0.0045
2459683.72720371      13.4317       0.0045
2459683.72926369      13.4369       0.0045
2459683.73133524      13.4145       0.0045
2459683.73340680      13.4154       0.0045
2459683.73546678      13.4089       0.0045
2459683.73753833      13.3914       0.0054
2459683.73960989      13.3886       0.0045
2459683.74166987      13.3590       0.0045
2459683.74374142      13.3498       0.0045
2459688.62934785      13.3093       0.0045
2459688.63140783      13.2951       0.0045
2459688.63345624      13.2871       0.0045
2459688.63550465      13.2788       0.0058
2459688.63756463      13.2657       0.0054
2459688.63961304      13.2591       0.0054
2459688.64167303      13.2565       0.0045
2459688.64372144      13.2392       0.0067
2459688.64578142      13.2302       0.0045
2459688.64782983      13.2363       0.0045
2459688.64988981      13.2321       0.0067
2459688.65193822      13.2355       0.0089
2459688.65399820      13.2254       0.0081
2459688.65604661      13.2180       0.0045
2459688.65810660      13.2260       0.0045
2459688.66015501      13.2268       0.0045
2459688.66221499      13.2352       0.0089
2459688.66427497      13.2145       0.0067
2459688.66632338      13.2205       0.0058
2459688.66838336      13.2279       0.0045
2459688.67043177      13.2298       0.0045
2459688.67249176      13.2405       0.0067
2459688.67455174      13.2465       0.0045
2459688.67661172      13.2549       0.0045
2459688.67866013      13.2618       0.0045
2459688.68072011      13.2623       0.0045
2459688.68278010      13.2750       0.0045
2459688.68484008      13.2775       0.0045
2459688.68688849      13.2890       0.0045
2459688.69156396      13.3051       0.0045
2459688.69361237      13.3323       0.0081
2459688.69567235      13.3253       0.0103
2459688.69773233      13.3317       0.0089
2459688.69980389      13.3514       0.0045
2459688.70186387      13.3687       0.0076
2459688.70392385      13.3724       0.0054
2459688.70599541      13.3871       0.0058
2459688.71067087      13.4154       0.0058
2459688.71273086      13.4196       0.0054
2459688.71479084      13.4225       0.0045
2459688.71685082      13.4342       0.0067
2459688.71891080      13.4202       0.0067
2459688.72095921      13.4311       0.0067
2459688.72301920      13.4320       0.0054
2459688.72507918      13.4208       0.0045
2459688.72713916      13.4097       0.0045
2459688.72918757      13.4023       0.0045
2459688.73124756      13.3948       0.0054
2459688.73330754      13.3855       0.0045
2459688.73536752      13.3734       0.0045
2459695.65470426      13.2377       0.0045
2459695.65676425      13.2262       0.0045
2459695.65883581      13.2301       0.0045
2459695.66089580      13.2302       0.0045
2459695.66295578      13.2458       0.0045
2459695.66501577      13.2453       0.0045
2459695.66707576      13.2527       0.0045
2459695.66913574      13.2592       0.0045
2459695.68500227      13.3204       0.0045
2459695.68705068      13.3404       0.0045
2459695.68911066      13.3442       0.0045
2459695.69117065      13.3579       0.0045
2459695.69323064      13.3719       0.0045
2459695.69527905      13.3856       0.0045
2459695.69733904      13.3910       0.0054
2459695.69939902      13.4065       0.0045
2459695.70278990      13.4176       0.0045
2459695.70484989      13.4364       0.0045
2459695.70690987      13.4472       0.0054
2459695.70896986      13.4474       0.0045
2459695.71102985      13.4485       0.0045
2459695.71308983      13.4562       0.0045
2459695.71513825      13.4562       0.0045
2459695.71719823      13.4384       0.0045
2459695.71924664      13.4330       0.0045
2459695.72130663      13.4390       0.0045
2459695.72336662      13.4187       0.0045
2459695.72542660      13.3887       0.0045
2459695.72748659      13.3877       0.0045
2459695.72953500      13.3808       0.0045
2459695.73159499      13.3734       0.0045
2459695.73365498      13.3506       0.0045
2459695.73571496      13.3521       0.0045
2459695.73776338      13.3308       0.0045
2459695.73982336      13.3255       0.0045
2459695.74188335      13.3059       0.0045
2459695.74394334      13.3224       0.0045
2459695.74600332      13.2871       0.0045
2459695.74806331      13.2804       0.0045
2459695.75012329      13.2644       0.0045
2459695.75217171      13.2721       0.0045
2459695.75423169      13.2524       0.0045
2459695.75629168      13.2348       0.0045
2459930.77931726      13.2301       0.0045
2459930.78137754      13.2233       0.0045
2459930.78344940      13.2298       0.0045
2459930.78550968      13.2099       0.0045
2459930.78756997      13.2149       0.0045
2459930.78963025      13.2128       0.0045
2459930.79169053      13.2113       0.0045
2459930.79375082      13.2024       0.0045
2459930.79581110      13.2060       0.0045
2459930.79787138      13.2095       0.0045
2459930.79993167      13.2232       0.0045
2459930.80199195      13.2169       0.0045
2459930.80405223      13.2211       0.0045
2459930.80611252      13.2291       0.0045
2459930.80817280      13.2375       0.0045
2459930.81023308      13.2341       0.0045
2459930.81229337      13.2377       0.0045
2459930.81435365      13.2429       0.0058
2459930.81641393      13.2709       0.0045
2459930.81847422      13.2688       0.0045
2459930.82054607      13.2822       0.0054
2459930.82260636      13.2971       0.0045
2459930.82466664      13.3013       0.0058
2459930.82672693      13.3010       0.0045
2459930.82878721      13.3191       0.0045
2459930.83084749      13.3301       0.0058
2459930.83290778      13.3513       0.0058
2459930.83496806      13.3546       0.0067
2459930.83703992      13.3549       0.0058
2459930.83910020      13.3773       0.0058
2459930.84116048      13.3934       0.0058
2459930.84322077      13.4137       0.0058
2459930.84528105      13.4177       0.0058
2459930.84734133      13.4426       0.0067
2459930.84941319      13.4593       0.0067
2459930.85147347      13.4641       0.0058
2459930.85353376      13.4780       0.0058
2459930.85559404      13.4714       0.0067
2459930.85765432      13.4750       0.0067
2459930.85971461      13.4740       0.0054
2459930.86178646      13.4786       0.0054
2459930.86384675      13.4631       0.0054
2459930.86590703      13.4594       0.0054
2459930.86796731      13.4507       0.0045
2459930.87002760      13.4437       0.0045
2459930.87208788      13.4149       0.0045
2459930.87414816      13.4105       0.0054
2459930.87622002      13.3958       0.0054
2459930.87828030      13.3968       0.0054
2459930.88034059      13.3722       0.0045
2459930.88240087      13.3525       0.0045
2459930.88446115      13.3423       0.0045
2459930.88653301      13.3295       0.0045
2459930.88859329      13.3177       0.0054
2459930.89065358      13.3095       0.0045
2459930.89477414      13.2918       0.0045
2459930.89684600      13.2914       0.0045
2459930.89890629      13.2820       0.0045
2459930.90096657      13.2580       0.0045
2459930.90302685      13.2588       0.0045
2459930.90509871      13.2490       0.0045
2459930.90715899      13.2367       0.0045
2459930.90921928      13.2415       0.0045
2459930.91129113      13.2309       0.0045
2459930.91335142      13.2243       0.0045
2459930.91541170      13.2257       0.0045
2459930.91747198      13.2171       0.0045
2459930.91954384      13.2083       0.0045
2459930.92160412      13.2167       0.0045
2459930.92388432      13.2140       0.0045
2459930.92594461      13.2084       0.0045
2459930.92800489      13.2188       0.0045
2459930.93006517      13.2220       0.0045
2459930.93213703      13.2223       0.0045
2459930.93419731      13.2281       0.0045
2459930.93626917      13.2357       0.0045
2459930.93832945      13.2430       0.0045
2459930.94038974      13.2449       0.0045
2459930.94246159      13.2612       0.0045
2459930.94452188      13.2721       0.0045
2459930.94658216      13.2787       0.0045
2459930.94865402      13.2844       0.0045
2459930.95071430      13.2820       0.0045
2459930.95277458      13.2962       0.0045
2459930.95484644      13.3060       0.0045
2459930.95690672      13.3221       0.0045
2459930.95896701      13.3251       0.0045
2459930.96103886      13.3405       0.0054
2459930.96309915      13.3483       0.0054
2459930.96517100      13.3628       0.0058
2459930.96723129      13.3727       0.0058
2459930.96929157      13.3935       0.0058
2459930.97136343      13.3916       0.0058
2459930.97342371      13.4118       0.0058
2459930.97548399      13.4165       0.0058
2459930.97755585      13.4193       0.0054
2459930.97961613      13.4212       0.0054
2459930.98167642      13.4315       0.0054
2459930.98374827      13.4233       0.0054
2459930.98580856      13.4295       0.0054
2459930.98786884      13.4287       0.0058
2459930.98994070      13.4162       0.0054
2459930.99200098      13.4100       0.0054
2459930.99406126      13.3931       0.0045
2459930.99613312      13.3886       0.0054
2459930.99819340      13.3754       0.0058
2459931.00026526      13.3605       0.0045
2459931.00232554      13.3566       0.0045
2459931.00439740      13.3357       0.0045
2459931.00645768      13.3301       0.0045
2459931.00852954      13.3182       0.0045
2459931.01058982      13.3120       0.0045
2459931.01265011      13.2978       0.0045
2459931.01472196      13.2944       0.0054
2459931.01678225      13.2785       0.0045
2459931.01884253      13.2688       0.0045
2459931.02091439      13.2632       0.0045
2459931.02297467      13.2510       0.0045
2459931.02504653      13.2462       0.0045
2459931.02710681      13.2374       0.0045
2459931.02917867      13.2259       0.0045
2459931.03123895      13.2278       0.0045
2459931.03516275      13.2200       0.0058
2459931.03722303      13.2099       0.0058
2459931.03929489      13.2062       0.0058
2459931.04135517      13.2138       0.0058
2459931.04342703      13.2079       0.0067
2459931.04548731      13.2161       0.0081
2459931.04755917      13.2088       0.0081
2459931.04961945      13.2053       0.0067
2459931.05169131      13.2105       0.0067
2459931.05375159      13.2144       0.0067
2459931.05582345      13.2112       0.0067
2459931.05788373      13.2287       0.0067
2460339.62561812      13.2859       0.0045
2460339.62786781      13.2587       0.0045
2460339.63012410      13.2507       0.0045
2460339.63238068      13.2467       0.0045
2460339.63464568      13.2344       0.0045
2460339.63689770      13.2258       0.0045
2460339.63915344      13.2281       0.0045
2460339.64141385      13.2209       0.0045
2460339.64367168      13.2212       0.0045
2460339.64593181      13.2189       0.0045
2460339.65044732      13.2126       0.0045
2460339.65270513      13.2295       0.0045
2460339.65496340      13.2260       0.0045
2460339.65722438      13.2367       0.0045
2460339.65947722      13.2336       0.0045
2460339.66173444      13.2489       0.0045
2460339.66399917      13.2524       0.0045
2460339.66624835      13.2629       0.0045
2460339.66850534      13.2648       0.0045
2460339.67076346      13.2760       0.0045
2460339.67302246      13.2827       0.0045
2460339.67528034      13.2872       0.0045
2460339.67753776      13.3053       0.0045
2460339.67979636      13.3293       0.0045
2460339.68205350      13.3285       0.0045
2460339.68431266      13.3366       0.0045
2460339.68657920      13.3505       0.0045
2460339.68882988      13.3631       0.0045
2460339.69108844      13.3752       0.0045
2460339.69334705      13.3986       0.0045
2460339.69560643      13.4094       0.0045
2460339.69787369      13.4219       0.0045
2460339.70012836      13.4441       0.0045
2460339.70238224      13.4515       0.0045
2460339.70464488      13.4630       0.0045
2460339.70690422      13.4719       0.0045
2460339.70916384      13.4720       0.0045
2460339.71142185      13.4785       0.0045
2460339.71368062      13.4828       0.0045
2460339.71593964      13.4625       0.0045
2460339.71819893      13.4626       0.0045
2460339.72046193      13.4412       0.0045
2460339.72271669      13.4259       0.0045
2460339.72497639      13.4180       0.0045
2460339.72723677      13.4094       0.0045
2460339.72949512      13.3794       0.0045
2460339.73175555      13.3667       0.0045
2460339.73401596      13.3611       0.0045
2460339.73628539      13.3528       0.0045
2460339.73854067      13.3353       0.0045
2460339.74080017      13.3280       0.0045
2460339.74306040      13.3069       0.0045
2460339.74532036      13.3025       0.0045
2460339.74758143      13.2945       0.0045
2460339.74984101      13.2836       0.0045
2460339.75210149      13.2728       0.0045
2460339.75436155      13.2627       0.0045
2460339.75662391      13.2603       0.0045
2460339.75888910      13.2398       0.0045
2460339.76114394      13.2385       0.0045
2460339.76340424      13.2318       0.0045
2460339.76566744      13.2298       0.0045
2460339.76792636      13.2208       0.0045
2460339.77018632      13.2231       0.0045
2460339.77244568      13.2245       0.0045
2460339.77470689      13.2188       0.0045
2460339.77696830      13.2070       0.0045
2460339.77923407      13.2224       0.0045
2460339.78149112      13.2259       0.0045
2460339.78375245      13.2302       0.0045
2460339.78601341      13.2300       0.0045
2460339.78827328      13.2429       0.0045
2460339.79053389      13.2503       0.0045
2460339.79279719      13.2546       0.0045
2460339.79505920      13.2619       0.0045
2460339.79731973      13.2721       0.0045
2460339.79958182      13.2827       0.0045
2460339.80184266      13.2918       0.0045
2460339.80410447      13.3111       0.0045
2460339.80636648      13.3267       0.0045
2460339.80862963      13.3367       0.0045
2460339.81089170      13.3584       0.0045
2460339.81315992      13.3544       0.0045
2460339.81541332      13.3560       0.0045
2460339.81767823      13.3898       0.0045
2460339.81994266      13.3959       0.0045
2460339.82220364      13.4063       0.0045
2460339.82446587      13.4122       0.0045
2460339.82672857      13.4421       0.0045
2460339.82898899      13.4491       0.0045
2460339.83125353      13.4539       0.0045
2460339.83351670      13.4558       0.0045
2460339.83578089      13.4651       0.0045
2460339.83804538      13.4575       0.0045
2460339.84030956      13.4483       0.0045
2460339.84257201      13.4389       0.0045
2460339.84483688      13.4341       0.0045
2460339.84709993      13.4258       0.0045
2460339.84936295      13.4063       0.0045
2460339.85162668      13.4016       0.0045
2460339.85388872      13.3835       0.0045
2460339.85615170      13.3684       0.0045
2460339.85841578      13.3534       0.0045
2460339.86067951      13.3439       0.0045
2460339.86294468      13.3290       0.0045
2460339.86520951      13.3228       0.0045
2460339.86747348      13.3146       0.0045
2460339.86973776      13.2956       0.0045
2460339.87200402      13.2810       0.0045
2460339.87426719      13.2695       0.0045
2460339.87653160      13.2682       0.0045
2460339.87879603      13.2545       0.0045
2460339.88105957      13.2476       0.0045
2460339.88332468      13.2369       0.0045
2460339.88559033      13.2386       0.0045
2460339.88785575      13.2230       0.0045
2460339.89012051      13.2231       0.0045
2460339.89238736      13.2248       0.0045
2460339.89465235      13.2169       0.0045
2460339.89691575      13.2232       0.0045
2460339.89918153      13.2223       0.0045
2460339.90145055      13.2298       0.0045
2460339.90371404      13.2233       0.0045
2460339.90597875      13.2241       0.0045
2460339.90824434      13.2298       0.0045
2460339.91051628      13.2436       0.0045
2460339.91277398      13.2487       0.0045
2460339.91503921      13.2532       0.0045
2460339.91730241      13.2659       0.0045
2460339.91956687      13.2695       0.0045
2460339.92183198      13.2834       0.0045
2460339.92409712      13.2821       0.0045
2460339.92636361      13.2834       0.0045
2460339.92862797      13.3048       0.0045
2460339.93089461      13.3361       0.0045
2460339.93316228      13.3304       0.0045
2460339.93542700      13.3444       0.0045
2460339.93769244      13.3560       0.0045
2460339.93995816      13.3757       0.0045
2460339.94222504      13.3872       0.0045
2460339.94449259      13.3995       0.0045
2460339.94676057      13.4187       0.0045
2460339.94902613      13.4272       0.0045
2460339.95129227      13.4342       0.0045
2460339.95355929      13.4568       0.0054
2460339.95582767      13.4621       0.0054
2460339.95809557      13.4797       0.0054
2460339.96036149      13.4702       0.0054
2460339.96262981      13.4683       0.0054
2460339.96489894      13.4655       0.0054
2460339.96716719      13.4668       0.0054
2460339.96943418      13.4472       0.0054
2460339.97170263      13.4448       0.0054
2460339.97396993      13.4193       0.0054
2460339.97624497      13.4129       0.0054
2460339.97851505      13.3955       0.0054
2460339.98077648      13.3657       0.0054
2460339.98304094      13.3523       0.0045
2460339.98530791      13.3574       0.0054
2460339.98757386      13.3400       0.0054
2460339.98984093      13.3273       0.0045
2460339.99210826      13.3258       0.0054
2460339.99437629      13.2992       0.0045
2460339.99664521      13.3125       0.0054
2460339.99891221      13.2917       0.0054
