#     HJD               V           errV
2459656.62913218      13.9590       0.0063
2459656.63811287      13.9102       0.0063
2459656.64019602      13.8979       0.0063
2459656.64227917      13.8880       0.0054
2459656.64437389      13.8688       0.0054
2459656.64645704      13.8598       0.0054
2459656.64854019      13.8384       0.0054
2459656.64957019      13.8393       0.0045
2459656.65102839      13.8364       0.0054
2459656.65309997      13.8260       0.0054
2459656.65517155      13.8059       0.0054
2459656.65724312      13.7945       0.0054
2459656.65931470      13.7912       0.0054
2459656.66458044      13.7592       0.0054
2459656.66664044      13.7568       0.0054
2459656.66871202      13.7510       0.0054
2459656.67077202      13.7432       0.0067
2459656.67284359      13.7346       0.0067
2459656.67490360      13.7234       0.0054
2459656.67697517      13.7211       0.0058
2459656.67945181      13.7148       0.0054
2459656.68152338      13.7020       0.0054
2459656.68358339      13.7142       0.0054
2459656.68565496      13.7069       0.0054
2459656.68794643      13.7069       0.0054
2459656.69001800      13.7013       0.0054
2459656.69207800      13.7040       0.0054
2459656.69414958      13.7060       0.0054
2459656.69622116      13.7099       0.0054
2459656.69828116      13.7052       0.0054
2459656.70035274      13.7164       0.0054
2459656.70242431      13.7162       0.0054
2459656.70448431      13.7114       0.0054
2459656.70655589      13.7260       0.0054
2459656.70861589      13.7227       0.0054
2459656.71068747      13.7442       0.0054
2459656.71275905      13.7572       0.0054
2459656.71483062      13.7665       0.0054
2459656.71690220      13.7717       0.0054
2459656.71896220      13.7833       0.0054
2459656.72103378      13.7946       0.0054
2459656.72310535      13.7977       0.0054
2459656.72516536      13.8103       0.0054
2459656.72723693      13.8223       0.0054
2459656.72930851      13.8336       0.0054
2459656.73138008      13.8317       0.0054
2459656.73344009      13.8564       0.0054
2459656.73551166      13.8669       0.0054
2459656.73758324      13.8699       0.0054
2459656.73964324      13.8799       0.0054
2459656.74171482      13.8899       0.0063
2459656.74378639      13.8912       0.0063
2459656.74585797      13.9186       0.0063
2459656.74792955      13.9115       0.0063
2459656.75000112      13.9057       0.0063
2459656.75207270      13.9106       0.0063
2459656.75414427      13.9144       0.0063
2459656.75621585      13.8987       0.0063
2459656.75828743      13.9007       0.0063
2459656.76034743      13.8889       0.0063
2459656.76241900      13.8648       0.0063
2459656.76449058      13.8603       0.0063
2459656.76656216      13.8470       0.0063
2459656.76863373      13.8296       0.0063
2459656.77070531      13.8253       0.0063
2459656.77278846      13.8003       0.0054
2459656.77486003      13.8121       0.0054
2459656.77693161      13.7940       0.0054
2459656.77899161      13.7718       0.0054
2459656.78107476      13.7663       0.0054
2459656.78314634      13.7606       0.0054
2459656.78521791      13.7447       0.0054
2459656.78728949      13.7293       0.0054
2459656.78936107      13.7293       0.0054
2459656.79143264      13.7143       0.0054
2459656.79350422      13.7016       0.0054
2459656.79557579      13.7025       0.0054
2459656.79764737      13.6884       0.0054
2459656.79971895      13.6809       0.0054
2459656.80179052      13.6866       0.0054
2459656.80386210      13.6663       0.0054
2459656.80594525      13.6684       0.0054
2459656.80801682      13.6736       0.0054
2459656.81008840      13.6745       0.0054
2459656.81215997      13.6727       0.0054
2459656.81424312      13.6687       0.0054
2459656.81631470      13.6758       0.0054
2459656.81839785      13.6849       0.0054
2459656.82046942      13.6639       0.0067
2459656.82254100      13.6869       0.0067
2459656.82462415      13.6795       0.0067
2459656.82669572      13.6988       0.0067
2459656.82877887      13.7119       0.0063
2459656.83085045      13.7087       0.0067
2459656.83292202      13.7326       0.0063
2459656.83500517      13.7310       0.0067
2459656.83707675      13.7296       0.0067
2459656.83914832      13.7466       0.0067
2459656.84123147      13.7775       0.0067
2459683.64590965      13.7419       0.0054
2459683.64799277      13.7297       0.0054
2459683.65006433      13.7341       0.0054
2459683.65213588      13.7151       0.0054
2459683.66255152      13.7016       0.0054
2459683.66461150      13.7036       0.0054
2459683.66668306      13.6972       0.0054
2459683.66874304      13.7007       0.0058
2459683.67080302      13.7087       0.0054
2459683.67287458      13.7146       0.0054
2459683.67535119      13.7204       0.0054
2459683.67782779      13.7259       0.0054
2459683.67989935      13.7224       0.0054
2459683.68195933      13.7305       0.0054
2459683.68403088      13.7462       0.0054
2459683.68609086      13.7567       0.0054
2459683.68815085      13.7128       0.0054
2459683.69022240      13.7695       0.0054
2459683.69228238      13.7742       0.0054
2459683.69458540      13.7900       0.0054
2459683.69664538      13.7945       0.0054
2459683.69871693      13.8113       0.0054
2459683.70077692      13.8247       0.0054
2459683.70284847      13.8204       0.0054
2459683.70490845      13.8345       0.0054
2459683.70698001      13.8466       0.0054
2459683.70903999      13.8662       0.0054
2459683.71111154      13.8787       0.0054
2459683.71317153      13.8837       0.0054
2459683.71524308      13.8980       0.0054
2459683.71730306      13.9040       0.0054
2459683.71936304      13.9059       0.0054
2459683.72143460      13.9179       0.0054
2459683.72350615      13.9109       0.0054
2459683.72556614      13.9082       0.0054
2459683.72763769      13.9011       0.0054
2459683.72969767      13.9008       0.0054
2459683.73176923      13.8855       0.0054
2459683.73384078      13.8735       0.0054
2459683.73590076      13.8778       0.0054
2459683.73797232      13.8647       0.0054
2459683.74004387      13.8484       0.0054
2459683.74210386      13.8379       0.0054
2459683.74417541      13.8208       0.0054
2459688.62978183      13.7808       0.0054
2459688.63184182      13.7691       0.0054
2459688.63389023      13.7592       0.0054
2459688.63593864      13.7494       0.0058
2459688.63799862      13.7392       0.0067
2459688.64004703      13.7301       0.0058
2459688.64210701      13.7237       0.0081
2459688.64415542      13.7043       0.0067
2459688.64621540      13.7121       0.0058
2459688.64826381      13.7123       0.0058
2459688.65032380      13.7029       0.0067
2459688.65237221      13.7086       0.0112
2459688.65443219      13.6841       0.0081
2459688.65648060      13.6934       0.0045
2459688.65854058      13.6895       0.0054
2459688.66058899      13.6869       0.0058
2459688.66264897      13.7047       0.0112
2459688.66470896      13.7024       0.0067
2459688.66675737      13.6894       0.0067
2459688.66881735      13.7063       0.0045
2459688.67086576      13.7087       0.0067
2459688.67292574      13.7057       0.0067
2459688.67498572      13.7254       0.0045
2459688.67703413      13.7220       0.0045
2459688.67909412      13.7272       0.0045
2459688.68115410      13.7382       0.0045
2459688.68321408      13.7494       0.0045
2459688.68527406      13.7522       0.0045
2459688.68732247      13.7690       0.0045
2459688.68992639      13.7771       0.0054
2459688.69199794      13.7830       0.0067
2459688.69404635      13.7860       0.0098
2459688.69610633      13.7877       0.0089
2459688.70023787      13.8277       0.0067
2459688.70229785      13.8411       0.0076
2459688.70435784      13.8524       0.0076
2459688.70642939      13.8609       0.0054
2459688.70904488      13.8631       0.0076
2459688.71110486      13.8875       0.0067
2459688.71316484      13.9025       0.0067
2459688.71522482      13.9023       0.0067
2459688.71728481      13.9141       0.0098
2459688.71934479      13.9088       0.0076
2459688.72139320      13.9118       0.0076
2459688.72345318      13.9016       0.0054
2459688.72551316      13.8916       0.0054
2459688.72757315      13.8827       0.0054
2459688.72962156      13.8709       0.0054
2459688.73168154      13.8738       0.0067
2459688.73374152      13.8483       0.0054
2459695.65513825      13.6975       0.0045
2459695.65719824      13.6974       0.0045
2459695.65926980      13.7110       0.0045
2459695.66132978      13.7090       0.0045
2459695.66338977      13.7125       0.0045
2459695.66544975      13.7194       0.0045
2459695.66750974      13.7255       0.0054
2459695.66956973      13.7295       0.0054
2459695.68543625      13.8115       0.0054
2459695.68748466      13.8124       0.0054
2459695.68954465      13.8255       0.0054
2459695.69160464      13.8257       0.0054
2459695.69366462      13.8511       0.0054
2459695.69571304      13.8600       0.0058
2459695.69777302      13.8847       0.0054
2459695.69983301      13.8859       0.0054
2459695.70322389      13.9021       0.0054
2459695.70528387      13.9099       0.0054
2459695.70734386      13.9241       0.0054
2459695.70940384      13.9175       0.0054
2459695.71146383      13.9308       0.0054
2459695.71352382      13.9223       0.0054
2459695.71557223      13.9289       0.0054
2459695.71763222      13.9293       0.0054
2459695.71968063      13.9129       0.0054
2459695.72174062      13.9077       0.0054
2459695.72380060      13.9024       0.0054
2459695.72586059      13.8824       0.0054
2459695.72792058      13.8731       0.0054
2459695.72996899      13.8407       0.0054
2459695.73202898      13.8388       0.0054
2459695.73408896      13.8283       0.0054
2459695.73614895      13.8225       0.0054
2459695.73819736      13.8008       0.0054
2459695.74025735      13.7917       0.0054
2459695.74231733      13.7783       0.0054
2459695.74437732      13.7658       0.0054
2459695.74643731      13.7597       0.0054
2459695.74849729      13.7551       0.0054
2459695.75054571      13.7356       0.0054
2459695.75260569      13.7323       0.0054
2459695.75466568      13.7273       0.0054
2459695.75672567      13.7104       0.0058
2459930.77975131      13.7087       0.0058
2459930.78182316      13.6987       0.0058
2459930.78388345      13.7003       0.0058
2459930.78594373      13.6905       0.0058
2459930.78800401      13.6940       0.0058
2459930.79006430      13.6828       0.0058
2459930.79212458      13.6827       0.0058
2459930.79418486      13.6845       0.0058
2459930.79624515      13.6830       0.0058
2459930.79830543      13.6853       0.0058
2459930.80036572      13.6873       0.0058
2459930.80242600      13.7012       0.0058
2459930.80448628      13.6962       0.0058
2459930.80654657      13.7003       0.0058
2459930.80860685      13.7105       0.0058
2459930.81066713      13.7182       0.0058
2459930.81272741      13.7370       0.0058
2459930.81478770      13.7344       0.0067
2459930.81684798      13.7432       0.0058
2459930.81890827      13.7573       0.0067
2459930.82098012      13.7659       0.0058
2459930.82304041      13.7748       0.0058
2459930.82510069      13.7858       0.0067
2459930.82716097      13.8010       0.0058
2459930.82922126      13.8095       0.0058
2459930.83128154      13.8102       0.0067
2459930.83540211      13.8555       0.0076
2459930.83747396      13.8470       0.0076
2459930.83953425      13.8772       0.0067
2459930.84159453      13.8800       0.0067
2459930.84365481      13.9073       0.0067
2459930.84571510      13.9121       0.0067
2459930.84777538      13.9364       0.0076
2459930.84984724      13.9325       0.0067
2459930.85190752      13.9575       0.0076
2459930.85396781      13.9531       0.0085
2459930.85602809      13.9664       0.0076
2459930.85808837      13.9701       0.0076
2459930.86014865      13.9707       0.0054
2459930.86222051      13.9723       0.0058
2459930.86428080      13.9565       0.0058
2459930.86634108      13.9541       0.0058
2459930.86840136      13.9454       0.0054
2459930.87046165      13.9279       0.0054
2459930.87252193      13.9103       0.0058
2459930.87459379      13.8947       0.0067
2459930.87665407      13.8799       0.0058
2459930.87871435      13.8653       0.0076
2459930.88077464      13.8496       0.0067
2459930.88283492      13.8458       0.0058
2459930.88490678      13.8206       0.0058
2459930.88696706      13.8131       0.0067
2459930.88902734      13.8008       0.0058
2459930.89108763      13.7941       0.0058
2459930.89314791      13.7929       0.0058
2459930.89521977      13.7811       0.0058
2459930.89728005      13.7548       0.0058
2459930.89934033      13.7575       0.0054
2459930.90140062      13.7423       0.0054
2459930.90347247      13.7261       0.0054
2459930.90553276      13.7346       0.0054
2459930.90759304      13.7162       0.0054
2459930.90965332      13.7053       0.0054
2459930.91172518      13.7127       0.0054
2459930.91378546      13.6988       0.0054
2459930.91584575      13.7017       0.0054
2459930.91791760      13.7027       0.0054
2459930.91997789      13.6859       0.0054
2459930.92203817      13.6878       0.0054
2459930.92431837      13.6911       0.0054
2459930.92637865      13.6969       0.0054
2459930.92843894      13.6884       0.0054
2459930.93049922      13.6923       0.0054
2459930.93257108      13.6973       0.0054
2459930.93463136      13.7077       0.0054
2459930.93670322      13.7146       0.0054
2459930.93876350      13.7151       0.0058
2459930.94082379      13.7376       0.0058
2459930.94289564      13.7348       0.0067
2459930.94495593      13.7460       0.0058
2459930.94701621      13.7570       0.0054
2459930.94908807      13.7659       0.0054
2459930.95114835      13.7726       0.0058
2459930.95320863      13.7811       0.0054
2459930.95528049      13.7838       0.0054
2459930.95734077      13.8058       0.0054
2459930.95940106      13.8182       0.0058
2459930.96147291      13.8127       0.0058
2459930.96353320      13.8339       0.0067
2459930.96560505      13.8436       0.0067
2459930.96766534      13.8477       0.0067
2459930.96972562      13.8835       0.0067
2459930.97179748      13.8858       0.0067
2459930.97385776      13.9015       0.0067
2459930.97591804      13.9137       0.0067
2459930.97798990      13.9054       0.0067
2459930.98005018      13.9027       0.0067
2459930.98211046      13.9196       0.0067
2459930.98418232      13.9006       0.0058
2459930.98624261      13.9091       0.0058
2459930.98830289      13.9055       0.0067
2459930.99037475      13.8976       0.0067
2459930.99243503      13.8918       0.0058
2459930.99449531      13.8863       0.0067
2459930.99656717      13.8748       0.0058
2459930.99862745      13.8463       0.0067
2459931.00069931      13.8361       0.0058
2459931.00275959      13.8319       0.0058
2459931.00483145      13.8247       0.0058
2459931.00689173      13.8305       0.0058
2459931.00896359      13.8021       0.0058
2459931.01102387      13.7893       0.0058
2459931.01308415      13.7760       0.0058
2459931.01515601      13.7670       0.0058
2459931.01721629      13.7559       0.0058
2459931.01928815      13.7474       0.0058
2459931.02134844      13.7347       0.0058
2459931.02340872      13.7326       0.0058
2459931.02548058      13.7200       0.0058
2459931.02754086      13.7017       0.0058
2459931.02961271      13.7046       0.0058
2459931.03167300      13.7055       0.0058
2459931.03353651      13.7095       0.0067
2459931.03559679      13.6924       0.0067
2459931.03766865      13.6823       0.0067
2459931.03972893      13.6883       0.0067
2459931.04178922      13.6751       0.0067
2459931.04592136      13.6848       0.0089
2459931.04799321      13.6929       0.0089
2459931.05005350      13.6907       0.0076
2459931.05212535      13.6890       0.0067
2459931.05418564      13.6903       0.0089
2459931.05625749      13.6918       0.0089
2459931.05832935      13.6983       0.0081
2460339.62605012      13.7414       0.0054
2460339.62830674      13.7357       0.0045
2460339.63056282      13.7247       0.0054
2460339.63281900      13.7235       0.0045
2460339.63507812      13.7034       0.0045
2460339.63733606      13.6938       0.0045
2460339.63959410      13.7053       0.0045
2460339.64185271      13.6928       0.0045
2460339.64410969      13.6889       0.0045
2460339.64637040      13.7000       0.0045
2460339.64862731      13.6800       0.0045
2460339.65088560      13.6953       0.0045
2460339.65314420      13.6979       0.0045
2460339.65540062      13.7043       0.0045
2460339.65765900      13.7094       0.0045
2460339.65991534      13.7072       0.0045
2460339.66217234      13.7174       0.0045
2460339.66442989      13.7269       0.0045
2460339.66668753      13.7345       0.0045
2460339.66894423      13.7386       0.0045
2460339.67120260      13.7562       0.0045
2460339.67346152      13.7634       0.0045
2460339.67571930      13.7648       0.0045
2460339.67797847      13.7790       0.0045
2460339.68024296      13.7924       0.0045
2460339.68249266      13.8081       0.0045
2460339.68475273      13.8240       0.0045
2460339.68700968      13.8331       0.0045
2460339.68926940      13.8511       0.0054
2460339.69152739      13.8622       0.0054
2460339.69378781      13.8820       0.0054
2460339.69604605      13.9053       0.0054
2460339.69830282      13.9024       0.0054
2460339.70056210      13.9427       0.0054
2460339.70282233      13.9416       0.0054
2460339.70508417      13.9455       0.0054
2460339.70734485      13.9619       0.0054
2460339.70960278      13.9626       0.0054
2460339.71186171      13.9689       0.0054
2460339.71412073      13.9660       0.0054
2460339.71638819      13.9555       0.0054
2460339.71863751      13.9407       0.0054
2460339.72089579      13.9145       0.0054
2460339.72315620      13.9198       0.0054
2460339.72541581      13.8982       0.0054
2460339.72767584      13.8856       0.0054
2460339.72993427      13.8609       0.0054
2460339.73219504      13.8585       0.0054
2460339.73445571      13.8393       0.0054
2460339.73671956      13.8187       0.0054
2460339.73897998      13.8085       0.0054
2460339.74123936      13.8014       0.0054
2460339.74350010      13.7977       0.0054
2460339.74576066      13.7727       0.0045
2460339.74802547      13.7729       0.0054
2460339.75028134      13.7570       0.0054
2460339.75254123      13.7523       0.0045
2460339.75480172      13.7389       0.0045
2460339.75706239      13.7335       0.0045
2460339.75932178      13.7157       0.0045
2460339.76158358      13.7155       0.0045
2460339.76384354      13.7068       0.0045
2460339.76610462      13.6969       0.0045
2460339.76836470      13.7012       0.0045
2460339.77063140      13.6929       0.0045
2460339.77288464      13.6908       0.0045
2460339.77514731      13.6878       0.0045
2460339.77740863      13.6932       0.0045
2460339.77966858      13.7007       0.0045
2460339.78193398      13.6946       0.0045
2460339.78419197      13.7065       0.0045
2460339.78645200      13.7016       0.0045
2460339.78872196      13.7154       0.0045
2460339.79097318      13.7160       0.0045
2460339.79323587      13.7228       0.0054
2460339.79549882      13.7417       0.0054
2460339.79776026      13.7541       0.0045
2460339.80003131      13.7695       0.0054
2460339.80228265      13.7774       0.0054
2460339.80454406      13.7886       0.0054
2460339.80680656      13.8020       0.0054
2460339.80906924      13.8034       0.0054
2460339.81133031      13.8214       0.0054
2460339.81359087      13.8420       0.0054
2460339.81585479      13.8534       0.0054
2460339.81811955      13.8782       0.0054
2460339.82038217      13.8869       0.0054
2460339.82264292      13.9017       0.0054
2460339.82491339      13.9120       0.0054
2460339.82716545      13.9122       0.0054
2460339.82942859      13.9224       0.0054
2460339.83169382      13.9368       0.0054
2460339.83395748      13.9443       0.0054
2460339.83622165      13.9377       0.0054
2460339.83848560      13.9367       0.0054
2460339.84074940      13.9279       0.0054
2460339.84301355      13.9291       0.0054
2460339.84527731      13.9087       0.0054
2460339.84753978      13.9054       0.0054
2460339.84980374      13.8828       0.0054
2460339.85206631      13.8763       0.0054
2460339.85432834      13.8579       0.0054
2460339.85659314      13.8278       0.0054
2460339.85885530      13.8391       0.0054
2460339.86112062      13.8158       0.0054
2460339.86338603      13.8074       0.0054
2460339.86564971      13.7864       0.0054
2460339.86792035      13.7794       0.0054
2460339.87017795      13.7668       0.0054
2460339.87244355      13.7618       0.0054
2460339.87470808      13.7447       0.0045
2460339.87697169      13.7463       0.0054
2460339.87923669      13.7311       0.0045
2460339.88150796      13.7215       0.0045
2460339.88376579      13.7085       0.0045
2460339.88603238      13.7015       0.0045
2460339.88829620      13.6987       0.0045
2460339.89056128      13.7000       0.0045
2460339.89282810      13.6904       0.0045
2460339.89509267      13.6902       0.0045
2460339.89735977      13.6909       0.0045
2460339.89962231      13.6894       0.0045
2460339.90188889      13.7009       0.0045
2460339.90415470      13.6988       0.0045
2460339.90642077      13.6938       0.0045
2460339.90868488      13.7005       0.0045
2460339.91094933      13.6985       0.0045
2460339.91321420      13.7137       0.0054
2460339.91547883      13.7217       0.0054
2460339.91774340      13.7397       0.0054
2460339.92000820      13.7511       0.0054
2460339.92227322      13.7487       0.0054
2460339.92453791      13.7627       0.0054
2460339.92680442      13.7823       0.0054
2460339.92907914      13.7877       0.0054
2460339.93133514      13.7971       0.0054
2460339.93360084      13.8074       0.0054
2460339.93586779      13.8278       0.0054
2460339.93813210      13.8348       0.0054
2460339.94039847      13.8486       0.0054
2460339.94266682      13.8706       0.0054
2460339.94493415      13.8851       0.0054
2460339.94720215      13.8994       0.0054
2460339.94946658      13.9210       0.0054
2460339.95173366      13.9373       0.0063
2460339.95400166      13.9315       0.0054
2460339.95626889      13.9631       0.0054
2460339.95853656      13.9553       0.0063
2460339.96080261      13.9647       0.0063
2460339.96307128      13.9561       0.0063
2460339.96533948      13.9564       0.0063
2460339.96760863      13.9509       0.0063
2460339.96987655      13.9268       0.0063
2460339.97214502      13.9310       0.0063
2460339.97441082      13.8950       0.0063
2460339.97667983      13.8901       0.0063
2460339.97894862      13.8744       0.0063
2460339.98121552      13.8546       0.0054
2460339.98348241      13.8390       0.0054
2460339.98574860      13.8296       0.0054
2460339.98801522      13.8211       0.0054
2460339.99028471      13.8071       0.0063
2460339.99254970      13.8053       0.0063
2460339.99481865      13.7858       0.0063
2460339.99708611      13.7838       0.0063
2460339.99935425      13.7625       0.0054
