\fixlen = T
\RowsRetrieved = 213
\ hjd (d)
\ mjd (d)
\ mag (mag)
\ magerr (mag)
\ ra (deg)
\ dec (deg)
\ limitmag (mag)
\ magzp (mag)
\ magzprms (mag)
\ exptime (s)
\
|oid            |expid    |hjd               |mjd          |mag       |magerr      |catflags|filtercode|ra                |dec       |chi        |sharp        |filefracday   |field|ccdid|qid |limitmag  |magzp     |magzprms    |clrcoeff   |clrcounc      |exptime|airmass   |programid|
|long           |int      |double            |double       |float     |float       |int     |char      |double            |double    |float      |float        |long          |int  |int  |int |float     |float     |float       |float      |float         |float  |float     |int      |
|               |         |d                 |d            |mag       |mag         |        |          |deg               |deg       |           |             |              |     |     |    |mag       |mag       |mag         |           |              |s      |          |         |
|null           |null     |nan               |nan          |nan       |nan         |null    |null      |nan               |nan       |nan        |nan          |null          |null |null |null|nan       |nan       |nan         |nan        |nan           |nan    |nan       |null     |
 754312400008081  47830761 2458232.8097983310 58232.3076157 12.4902153 0.0134232510        0 zi         172.87778140000000 47.9056968 0.607999980  0.0469999984 20180424307593   754    12    4 20.7399998 25.7022152 0.0195266400 0.193514004 0.000011764395    30.0 1.11800003         2 
 754312400008081  48934721 2458243.8486280395 58243.3472106 12.4964504 0.0134199020        0 zi         172.87776270000000 47.9057096 2.040999889 -0.0560000017 20180505347199   754    12    4 20.4699993 25.7184505 0.0224248152 0.179512918 0.000015431769    30.0 1.37100005         2 
 754312400008081  49316465 2458247.6657941076 58247.1646528 12.5655508 0.0133831147        0 zi         172.87776590000000 47.9056992 0.857999980  0.0209999997 20180509164653   754    12    4 20.9599991 25.7165508 0.0208179820 0.188387513 0.000013603777    30.0 1.03600001         2 
 754312400008081  50317553 2458257.6759328130 58257.1755324 12.6609392 0.0133334091        0 zi         172.87775550000000 47.9057011 1.044999957 -0.0179999992 20180519175463   754    12    4 20.7700005 25.7079391 0.0219985880 0.183169812 0.000014624969    30.0 1.03499997         3 
 754312400008081  50317645 2458257.6768586450 58257.1764583 12.6631851 0.0133322543        0 zi         172.87777630000000 47.9057019 1.570000052 -0.0780000016 20180519176447   754    12    4 20.8299999 25.7151852 0.0214044079 0.185911670 0.000013831178    30.0 1.03600001         1 
 754312400008081  50718087 2458261.6809806060 58261.1808796 12.5425882 0.0133952694        0 zi         172.87772290000000 47.9057757 2.717000008 -0.0299999993 20180523180764   754    12    4 20.1900005 25.6625881 0.0382265262 0.190924123 0.000046184319    30.0 1.04600000         3 
 754312400008081  50720118 2458261.7012800810 58261.2011806 12.5158882 0.0134094898        0 zi         172.87771840000000 47.9058035 3.318000078 -0.1340000033 20180523201169   754    12    4 19.9699993 25.6678886 0.0327659510 0.192180544 0.000034003402    30.0 1.06900001         3 
 754312400008081  50932719 2458263.8271396873 58263.3271991 12.5119553 0.0134115936        0 zi         172.87774380000000 47.9056947 0.635999978 -0.0109999999 20180525327188   754    12    4 20.2900009 25.6759548 0.0235540271 0.192036062 0.000016975579    30.0 1.60699999         2 
 754312400008081  51323783 2458267.7374851000 58267.2378356 12.6473131 0.0133404285        0 zi         172.87775710000000 47.9056940 0.700999975  0.0250000004 20180529237836   754    12    4 20.4599991 25.6623135 0.0269144103 0.190459341 0.000022847918    30.0 1.18599999         2 
 754312400008081  52318538 2458277.6843038380 58277.1853819 12.5314503 0.0134011908        0 zi         172.87775530000000 47.9057058 0.680000007  0.0109999999 20180608185313   754    12    4 20.7700005 25.6744499 0.0203049760 0.195301890 0.000012659046    30.0 1.11899996         2 
 754312400008081  52917751 2458283.6760106278 58283.1775116 12.5679998 0.0133818239        0 zi         172.87774920000000 47.9057041 0.811999977  0.0040000002 20180614177500   754    12    4 20.6499996 25.7089996 0.0229206849 0.193482786 0.000016004351    30.0 1.13900006         2 
 754312400008081  53418212 2458288.6802883030 58288.1821296 12.6633978 0.0133321444        0 zi         172.87775180000000 47.9057080 0.806999981 -0.0130000003 20180619182130   754    12    4 20.6499996 25.6963978 0.0197138470 0.194913700 0.000012167176    30.0 1.19099998         2 
 754312400008081  53818233 2458292.6802349330 58292.1823380 12.5430298 0.0133950347        0 zi         172.87775030000000 47.9056923 0.989000022 -0.0329999998 20180623182326   754    12    4 20.4300003 25.7160301 0.0205116160 0.186919168 0.000012698344    30.0 1.22899997         2 
 754312400008081  78932219 2458543.8266744474 58543.3221991 12.5639381 0.0133839659        0 zi         172.87776080000000 47.9056951 0.335000008  0.0000000000 20190301322199   754    12    4 20.6100006 25.2659378 0.0241064280 0.187746212 0.000017858885    30.0 1.06299996         2 
 754312400008081  79343040 2458547.9348228550 58547.4304051 12.6434278 0.0133424364        0 zi         172.87774080000000 47.9057338 1.024999976  0.0710000023 20190305430394   754    12    4 20.8299999 25.7034283 0.0193485785 0.192906424 0.000011367352    30.0 1.08899999         2 
 754312400008081  80241185 2458556.9160684636 58556.4118519 12.5414829 0.0133958561        0 zi         172.87769810000000 47.9057320 1.315999985  0.0020000001 20190314411840   754    12    4 20.0400009 25.6914825 0.0250786804 0.199638009 0.000019367915    30.0 1.10099995         2 
 754312400008081  80431064 2458558.8148093508 58558.3106481 12.5255384 0.0134043396        0 zi         172.87775020000000 47.9057189 0.726999998  0.0120000001 20190316310648   754    12    4 20.1800003 25.7085381 0.0243585948 0.189671218 0.000018940747    30.0 1.03699994         2 
 754312400008081  80744875 2458561.9528103652 58561.4487500 12.6608086 0.0133334752        0 zi         172.87774250000000 47.9057344 1.187999964 -0.0320000015 20190319448727   754    12    4 19.4699993 25.5528088 0.0370327048 0.196268111 0.000043768083    30.0 1.24399996         2 
 754312400008081  81334813 2458567.8519768445 58567.3481366 12.5833282 0.0133737549        0 zi         172.87774390000000 47.9057561 2.742000103 -0.0410000011 20190325348125   754    12    4 20.2800007 25.8223286 0.0543290637 0.196483970 0.000092163522    30.0 1.05200005         2 
 754312400008081  81824390 2458572.7475290660 58572.2439005 12.6637888 0.0133319441        0 zi         172.87776040000000 47.9056868 0.652999997  0.0299999993 20190330243889   754    12    4 20.8500004 25.4327888 0.0196221452 0.185383111 0.000011765353    30.0 1.06200004         2 
 754312400008081  82728582 2458581.7889957177 58581.2858218 12.6483831 0.0133398762        0 zi         172.87775180000000 47.9056950 0.961000025  0.0080000004 20190408285822   754    12    4 21.1800003 25.6643829 0.0184424035 0.192062050 0.000010442689    30.0 1.03499997         2 
 754312400008081  84233859 2458596.8408629140 58596.3385995 12.5597496 0.0133861788        0 zi         172.87775160000000 47.9056992 0.305000007  0.0130000003 20190423338600   754    12    4 20.7299995 25.6607494 0.0193328448 0.196075961 0.000011480116    30.0 1.19200003         2 
 754312400008081  85326476 2458607.7662812120 58607.2647685 12.5325041 0.0134006292        0 zi         172.87774330000000 47.9057012 0.580999970 -0.0130000003 20190504264768   754    12    4 20.9899998 25.6245041 0.0176611654 0.193829998 0.000009252985    30.0 1.08599997         2 
 754312400008081  85816097 2458612.6621317775 58612.1609722 12.6371508 0.0133456830        0 zi         172.87773200000000 47.9056948 1.646999955  0.1509999931 20190509160972   754    12    4 21.1499996 25.6701508 0.0293754879 0.178339496 0.000025963986    30.0 1.03799999         2 
 754312400008081  88519525 2458639.6944105364 58639.1952546 12.6312561 0.0133487377        0 zi         172.87775870000000 47.9056888 0.400999993  0.0240000002 20190605195255   754    12    4 21.2000008 25.5652561 0.0283231698 0.186176598 0.000025166904    30.0 1.12199998         2 
 754312400008081  88922342 2458643.7222911874 58643.2234259 12.5112696 0.0134119596        0 zi         172.87774650000000 47.9056952 0.611000001  0.0430000015 20190609223403   754    12    4 20.8400002 25.6312695 0.0201151520 0.191726774 0.000012875630    30.0 1.23800004         2 
 754312400008081  89428534 2458648.7838560613 58648.2853472 12.5796547 0.0133756846        0 zi         172.87773380000000 47.9056965 0.493999988 -0.0160000008 20190614285347   754    12    4 19.9599991 25.5836544 0.0296473429 0.197697297 0.000028137021    30.0 1.71599996         2 
 754312400008081  89824746 2458652.7457035743 58652.2474653 12.6084404 0.0133606065        0 zi         172.87776540000000 47.9056964 0.592999995 -0.0089999996 20190618247465   754    12    4 20.4300003 25.5984402 0.0218644533 0.192994803 0.000014522473    30.0 1.49199998         2 
 754312400008081 108353464 2458838.0371430796 58837.5346412 12.5728178 0.0133792832        0 zi         172.87774030000000 47.9056967 7.701000214  0.3319999874 20191220534549   754    12    4 20.8899994 26.9608173 0.0206433162 0.193810537 0.000013330042    90.0 1.04499996         2 
 754312400008081 109253121 2458847.0343039855 58846.5312153 12.4123077 0.0134655116        0 zi         172.87766020000000 47.9056240 2.155999899 -0.1459999979 20191229531100   754    12    4 21.4899998 27.0273075 0.0204200037 0.185276851 0.000012621977    90.0 1.03400004         2 
 754312400008081 110137958 2458855.8828385880 58855.3795833 12.5332260 0.0134002445        0 zi         172.87775750000000 47.9056886 0.620999992 -0.0529999994 20200107379583   754    12    4 20.6100006 25.7662258 0.0207932461 0.190837160 0.000013214175    30.0 1.30200005         2 
 754312400008081 110140197 2458855.9052357124 58855.4019792 12.5516195 0.0133904815        0 zi         172.87774160000000 47.9057069 0.865999997  0.0750000030 20200107401956   754    12    4 20.8500004 25.7616196 0.0194805749 0.194095731 0.000011496070    30.0 1.21200001         2 
 754312400008081 110538690 2458859.8903737077 58859.3869097 12.6252165 0.0133518716        0 zi         172.87775180000000 47.9056925 0.398000002 -0.0109999999 20200111386910   754    12    4 20.2500000 25.7552166 0.0212232731 0.189177334 0.000014036384    30.0 1.22700000         2 
 754312400008081 110540083 2458859.9042980126 58859.4008333 12.6666327 0.0133304838        0 zi         172.87775280000000 47.9056960 0.287999988  0.0379999988 20200111400833   754    12    4 20.4300003 25.7406330 0.0229392722 0.192920789 0.000016303115    30.0 1.17999995         2 
 754312400008081 110737983 2458861.8837470002 58861.3798380 12.6662836 0.0133306626        0 zi         172.87775300000000 47.9057058 0.463000000  0.0040000002 20200113379838   754    12    4 20.1000004 26.9522839 0.0188740809 0.193603203 0.000011111188    90.0 1.23300004         2 
 754312400008081 110742287 2458861.9267814863 58861.4228704 12.6066504 0.0133615406        0 zi         172.87775360000000 47.9057048 0.310999990 -0.0020000001 20200113422824   754    12    4 20.1900005 26.9456501 0.0198497679 0.198103920 0.000012296902    90.0 1.11000001         2 
 754312400008081 112133888 2458875.8433598275 58875.3388889 12.5230865 0.0134056471        0 zi         172.87776170000000 47.9056971 0.600000024  0.0130000003 20200127338866   754    12    4 21.0300007 26.9330864 0.0161359385 0.194975436 0.000008057726    90.0 1.24399996         2 
 754312400008081 112441401 2458878.9185798290 58878.4140162 12.5810471 0.0133749535        0 zi         172.87775990000000 47.9056990 0.326999992  0.0040000002 20200130413981   754    12    4 20.8400002 26.9460468 0.0171059053 0.194542453 0.000008966227    90.0 1.05299997         2 
 754312400008081 112443037 2458878.9349344936 58878.4303704 12.5360489 0.0133987442        0 zi         172.87773530000000 47.9056980 0.460999995  0.0070000002 20200130430370   754    12    4 20.9300003 26.9520493 0.0176980086 0.195016846 0.000009771462    90.0 1.03999996         2 
 754312400008081 112538879 2458879.8933868273 58879.3887963 12.6398764 0.0133442720        0 zi         172.87775850000000 47.9057123 0.458000004  0.0030000000 20200131388762   754    12    4 20.3400002 26.9468765 0.0188463889 0.197714046 0.000010829154    90.0 1.08200002         2 
 754312400008081 112540827 2458879.9128665584 58879.4082755 12.5724630 0.0133794704        0 zi         172.87775380000000 47.9057025 0.532999992 -0.0020000001 20200131408252   754    12    4 20.5400009 26.9484634 0.0156181194 0.193052262 0.000007419196    90.0 1.05599999         2 
 754312400008081 112932967 2458883.8343628740 58883.3296759 12.6528349 0.0133375814        0 zi         172.87775120000000 47.9056969 0.324000001  0.0240000002 20200204329618   754    12    4 20.7600002 26.9148350 0.0179306101 0.194624752 0.000009783720    90.0 1.19799995         2 
 754312400008081 113031685 2458884.8215599153 58884.3168519 12.6401796 0.0133441156        0 zi         172.87775880000000 47.9056971 0.153999999  0.0020000001 20200205316759   754    12    4 20.5499992 26.9511795 0.0184190534 0.191538200 0.000010397357    90.0 1.23399997         2 
 754312400008081 113036188 2458884.8665955677 58884.3618866 12.6027956 0.0133635532        0 zi         172.87774380000000 47.9056989 0.351000011  0.0030000000 20200205361887   754    12    4 20.6900005 26.9647961 0.0163378026 0.185376137 0.000008338793    90.0 1.10599995         2 
 754312400008081 115132028 2458905.8251419724 58905.3202894 12.5859327 0.0133723859        0 zi         172.87775170000000 47.9057008 0.172999993 -0.0000000000 20200226320289   754    12    4 20.7700005 26.9389324 0.0176746808 0.193814129 0.000009706840    90.0 1.07799995         2 
 754312400008081 115134966 2458905.8545167698 58905.3496644 12.4975433 0.0134193143        0 zi         172.87777300000000 47.9056987 0.411000013 -0.0000000000 20200226349664   754    12    4 20.6000004 26.9385433 0.0175926816 0.194921732 0.000009425342    90.0 1.04400003         2 
 754312400008081 115535054 2458909.8553573010 58909.3505440 12.5914783 0.0133694783        0 zi         172.87774530000000 47.9056921 0.367000014  0.0209999997 20200301350544   754    12    4 21.0900002 26.9484787 0.0156704858 0.191697955 0.000007424265    90.0 1.03699994         2 
 754312400008081 116329944 2458917.8041184960 58917.2994444 12.2000322 0.0135841500        0 zi         172.87776310000000 47.9056827 0.950999975 -0.1190000027 20200309299421   754    12    4 16.8799992 26.8440323 0.2148070782 0.546002626 0.141306534410    90.0 1.06200004         2 
 754312400008081 120032443 2458954.8271574043 58954.3244329 12.4995260 0.0134182498        0 zi         172.87773350000000 47.9056892 0.312000006 -0.0070000002 20200415324421   754    12    4 21.2600002 25.7305260 0.0207148995 0.193705991 0.000013307764    30.0 1.10500002         2 
 754312400008081 120035787 2458954.8605928514 58954.3578704 12.5817938 0.0133745614        0 zi         172.87773330000000 47.9056979 0.155000001  0.0080000004 20200415357870   754    12    4 21.1599998 25.7227936 0.0172555503 0.189954042 0.000009048823    30.0 1.19000006         2 
 754312400008081 120134078 2458955.8434492840 58955.3407870 12.5526018 0.0133899609        0 zi         172.87773950000000 47.9056900 0.234999999 -0.0140000004 20200416340787   754    12    4 20.6200008 25.7216015 0.0209340937 0.194294959 0.000013947308    30.0 1.14900005         2 
 754312400008081 120135829 2458955.8609597950 58955.3582986 12.6010695 0.0133644566        0 zi         172.87773500000000 47.9056915 0.578999996  0.0270000007 20200416358299   754    12    4 21.0300007 25.7280693 0.0209263302 0.188985452 0.000013616817    30.0 1.20099998         2 
 754312400008081 121136843 2458965.8704484680 58965.3684375 12.4990587 0.0134185012        0 zi         172.87773990000000 47.9056937 0.321999997 -0.0070000002 20200426368426   754    12    4 21.1399994 25.7200584 0.0203428939 0.186777234 0.000013070998    30.0 1.36000001         2 
 754312400008081 121526239 2458969.7641383300 58969.2623958 12.6428814 0.0133427186        0 zi         172.87774240000000 47.9056929 0.644999981  0.0280000009 20200430262384   754    12    4 21.0000000 25.7398815 0.0318069905 0.182007089 0.000030828131    30.0 1.06900001         2 
 754312400008081 122038615 2458974.8875364205 58974.3861574 12.5986681 0.0133657120        0 zi         172.87773680000000 47.9056870 0.354000002 -0.0049999999 20200505386088   754    12    4 20.2600002 25.7106686 0.0243154261 0.184396267 0.000018390139    30.0 1.65499997         2 
 754312400008081 122432729 2458978.8283849726 58978.3272917 12.6650848 0.0133312782        0 zi         172.87773420000000 47.9056893 0.632000029  0.0410000011 20200509327292   754    12    4 20.5100002 25.6680851 0.0278263297 0.191441894 0.000025066238    30.0 1.33099997         2 
 754312400008081 126027781 2459014.7762707680 59014.2778125 12.6414366 0.0133434655        0 zi         172.87776460000000 47.9057102 0.368000001 -0.0010000000 20200614277812   754    12    4 20.7099991 25.7604370 0.0225235317 0.191276670 0.000016690814    30.0 1.66299999         2 
 754312400008081 126925828 2459023.7561475337 59023.2582870 12.5223351 0.0134060485        0 zi         172.87772930000000 47.9057081 0.522000015  0.0419999994 20200623258287   754    12    4 20.9200001 25.7453346 0.0232705027 0.189655513 0.000017112514    30.0 1.71099997         2 
 754312400008081 127517921 2459029.6767075870 59029.1792130 12.6353722 0.0133466041        0 zi         172.87772960000000 47.9056913 0.588000000 -0.0320000015 20200629179213   754    12    4 19.9500008 25.7633724 0.0236715525 0.195106551 0.000017328464    30.0 1.28900003         2 
 754312400008081 127925887 2459033.7561349250 59033.2588773 12.6488209 0.0133396508        0 zi         172.87773610000000 47.9056992 0.243000001  0.0020000001 20200703258866   754    12    4 20.2199993 25.7498207 0.0239135195 0.195227176 0.000018954161    30.0 2.04600000         2 
 754312400008081 128718144 2459041.6782842465 59041.1814468 12.6360970 0.0133462278        0 zi         172.87773070000000 47.9056982 1.256000042  0.0130000003 20200711181435   754    12    4 20.8500004 25.6680965 0.0274276994 0.200619817 0.000024330366    30.0 1.48399997         2 
 754312400008081 129118136 2459045.6780127734 59045.1813657 12.5941410 0.0133680822        0 zi         172.87772450000000 47.9056953 0.708000004 -0.0209999997 20200715181366   754    12    4 20.8600006 25.7671413 0.0230124500 0.195665032 0.000016824186    30.0 1.56299996         2 
 754312400008081 129819748 2459052.6938403970 59052.1974884 12.6027193 0.0133635942        0 zi         172.87775250000000 47.9056981 0.370999992  0.0199999996 20200722197488   754    12    4 20.6000004 25.7437191 0.0192463417 0.187447220 0.000011340067    30.0 1.91600001         2 
 754312400008081 130116863 2459055.6648772220 59055.1686343 12.5867624 0.0133719509        0 zi         172.87774150000000 47.9056885 0.467999995  0.0149999997 20200725168623   754    12    4 19.9899998 25.7167625 0.0284850281 0.191519558 0.000025921199    30.0 1.68900001         3 
 754312400008081 130120770 2459055.7039498184 59055.2077083 12.6843462 0.0133214127        0 zi         172.87772650000000 47.9056923 0.592000008 -0.0099999998 20200725207708   754    12    4 20.2800007 25.6903458 0.0231746603 0.191104099 0.000016498321    30.0 2.18499994         3 
 754312400008081 130216589 2459056.6620997037 59056.1658912 12.6046600 0.0133625800        0 zi         172.87774190000000 47.9056891 0.777999997 -0.0089999996 20200726165891   754    12    4 20.2000008 25.7576599 0.0244743396 0.193019062 0.000018789806    30.0 1.68900001         3 
 754312400008081 130220187 2459056.6980822524 59056.2018750 12.6731262 0.0133271525        0 zi         172.87774270000000 47.9057066 0.663999975  0.0160000008 20200726201875   754    12    4 20.5100002 25.7011261 0.0203674603 0.194190592 0.000013221033    30.0 2.13400006         3 
 754312400008081 130316528 2459057.6614645320 59057.1652894 12.6135054 0.0133579643        0 zi         172.87772420000000 47.9056850 1.003999949  0.0850000009 20200727165289   754    12    4 20.1499996 25.7125053 0.0271659289 0.186830327 0.000023818297    30.0 1.70899999         3 
 754312400008081 130320597 2459057.7021459620 59057.2059722 12.6502256 0.0133389262        0 zi         172.87770610000000 47.9056875 1.136999965 -0.0480000004 20200727205972   754    12    4 20.4099998 25.6582260 0.0224388409 0.185224965 0.000015299787    30.0 2.24900007         3 
 754312400008081 130320665 2459057.7028288380 59057.2066551 12.6399765 0.0133442208        0 zi         172.87768720000000 47.9056934 1.310999990 -0.0839999989 20200727206562   754    12    4 20.1299992 25.5949764 0.0275631286 0.199989691 0.000022584480    30.0 2.26099992         3 
 754312400008081 141048789 2459164.9871941116 59164.4878935 12.5074224 0.0134140188        0 zi         172.87773090000000 47.9056847 0.512000024  0.0320000015 20201111487894   754    12    4 20.6599998 25.8084221 0.0176699907 0.194274127 0.000010899242    30.0 1.58099997         2 
 754312400008081 141454603 2459169.0456375866 59168.5460301 12.6277800 0.0133505408        0 zi         172.87773630000000 47.9057013 0.647000015  0.0430000015 20201115546030   754    12    4 20.7700005 25.8107796 0.0359885432 0.187799439 0.000040754145    30.0 1.20799994         2 
 754312400008081 142247635 2459176.9765679840 59176.4763542 12.6439962 0.0133421430        0 zi         172.87771800000000 47.9056836 0.305999994 -0.0089999996 20201123475949   754    12    4 20.8199997 25.7769966 0.0232200362 0.190240026 0.000016509426    30.0 1.43099999         2 
 754312400008081 142744432 2459181.9449224537 59181.4443287 12.6384239 0.0133450236        0 zi         172.87773240000000 47.9057017 0.644999981 -0.0089999996 20201128444317   754    12    4 20.0100002 25.7984238 0.0270769186 0.191854998 0.000022810789    30.0 1.55799997         2 
 754312400008081 143553358 2459190.0347923870 59189.5335880 12.4785900 0.0134295095        0 zi         172.87772000000000 47.9056732 1.169999957  0.0540000014 20201206533588   754    12    4 21.0599995 25.8045902 0.0217828117 0.181581751 0.000014735366    30.0 1.09300005         2 
 754312400008081 144549656 2459199.9984894410 59199.4965625 12.5650005 0.0133834053        0 zi         172.87772780000000 47.9056943 0.458999991 -0.0120000001 20201216496562   754    12    4 20.5400009 25.7900009 0.0206978526 0.199266657 0.000013647175    30.0 1.11199999         2 
 754312400008081 144844937 2459202.9515066603 59202.4493750 12.4989834 0.0134185413        0 zi         172.87773530000000 47.9056877 0.898999989 -0.0250000004 20201219449375   754    12    4 20.4200001 25.7899837 0.0224148799 0.190895557 0.000016073702    30.0 1.22099996         2 
 754312400008081 146247337 2459216.9764016834 59216.4733796 12.5638628 0.0133840060        0 zi         172.87772780000000 47.9056915 0.448000014  0.0030000000 20210102473345   754    12    4 20.5000000 25.8158627 0.0216136407 0.183621511 0.000014836749    30.0 1.07200003         2 
 754312400008081 146539105 2459219.8942404070 59219.3910532 12.5931730 0.0133685889        0 zi         172.87773580000000 47.9056991 0.246000007  0.0199999996 20210105391053   754    12    4 20.5900002 25.7891731 0.0189306401 0.193839222 0.000011088358    30.0 1.26699996         2 
 754312400008081 146843281 2459222.9361634674 59222.4328125 12.5833559 0.0133737400        0 zi         172.87774250000000 47.9056901 0.435999990  0.0179999992 20210108432766   754    12    4 20.7299995 25.7753563 0.0248708855 0.190258712 0.000020103107    30.0 1.11399996         2 
 754312400008081 147143019 2459225.9337001955 59225.4301968 12.6774912 0.0133249173        0 zi         172.87772730000000 47.9056909 0.238999993 -0.0120000001 20210111430197   754    12    4 20.5799999 25.7074909 0.0196389612 0.190748200 0.000012379945    30.0 1.10300004         2 
 754312400008081 147453519 2459229.0388482506 59228.5351968 12.6562948 0.0133357989        0 zi         172.87772260000000 47.9056936 0.300000012 -0.0209999997 20210114535185   754    12    4 21.1100006 25.7932949 0.0167867057 0.193088487 0.000009061513    30.0 1.04999995         2 
 754312400008081 147750818 2459232.0119662830 59231.5081829 12.6410398 0.0133436704        0 zi         172.87773530000000 47.9056973 0.564999998 -0.0209999997 20210117508021   754    12    4 21.3199997 25.8230400 0.0237345397 0.189423293 0.000017910857    30.0 1.03699994         2 
 754312400008081 149738106 2459251.8854610813 59251.3810648 12.5907917 0.0133698378        0 zi         172.87773450000000 47.9056983 0.699000001  0.0270000007 20210206381065   754    12    4 20.8799992 25.7987919 0.0189370327 0.191436633 0.000011320411    30.0 1.06700003         2 
 754312400008081 150036952 2459254.8739709267 59254.3695255 12.5439825 0.0133945290        0 zi         172.87771740000000 47.9056805 0.593999982  0.0340000018 20210209369525   754    12    4 21.2299995 25.8059826 0.0165055338 0.188521758 0.000008540865    30.0 1.07200003         2 
 754312400008081 150342784 2459257.9323307043 59257.4278472 12.6688099 0.0133293662        0 zi         172.87774300000000 47.9057092 0.583000004 -0.0010000000 20210212427836   754    12    4 20.1399994 25.7628098 0.0217998940 0.198436961 0.000015280370    30.0 1.03400004         2 
 754312400008081 150635069 2459260.8552026420 59260.3506944 12.5072441 0.0134141138        0 zi         172.87771120000000 47.9056970 0.490000010 -0.0350000001 20210215350694   754    12    4 20.8299999 25.7052441 0.0203708336 0.190536082 0.000013333072    30.0 1.07500005         2 
 754312400008081 150932315 2459263.8276813896 59263.3231597 12.5033760 0.0134161860        0 zi         172.87772830000000 47.9056931 0.363000005 -0.0020000001 20210218323160   754    12    4 20.4099998 25.8023758 0.0303885397 0.193987459 0.000029957031    30.0 1.10899997         2 
 754312400008081 151234342 2459266.8479491933 59266.3434259 12.6440754 0.0133421011        0 zi         172.87776220000000 47.9056926 1.105999947  0.0080000004 20210221343426   754    12    4 19.2600002 25.7900753 0.0380243696 0.192440152 0.000047653684    30.0 1.06299996         2 
 754312400008081 151540721 2459269.9117231388 59269.4072106 12.4907417 0.0134229669        0 zi         172.87771580000000 47.9056957 0.148000002  0.0089999996 20210224407211   754    12    4 20.8999996 25.8097420 0.0225842968 0.186466873 0.000015914609    30.0 1.03799999         2 
 754312400008081 151834862 2459272.8531132720 59272.3486227 12.5281754 0.0134029342        0 zi         172.87772050000000 47.9056930 0.314000010  0.0070000002 20210227348623   754    12    4 19.9799995 25.8061752 0.0260418877 0.189106405 0.000021551001    30.0 1.04200006         2 
 754312400008081 152136834 2459275.8728011580 59275.3683449 12.5419769 0.0133955935        0 zi         172.87772320000000 47.9056957 0.319999993  0.0240000002 20210302368345   754    12    4 20.5699997 25.8129768 0.0183696318 0.187980771 0.000010431357    30.0 1.03199995         2 
 754312400008081 152438208 2459278.8864935236 59278.3820833 12.6335793 0.0133475326        0 zi         172.87772490000000 47.9057166 0.536000013 -0.0010000000 20210305382083   754    12    4 20.0900002 25.7935791 0.0280367676 0.200218618 0.000025310923    30.0 1.03799999         2 
 754312400008081 152730592 2459281.8102803105 59281.3059259 12.5088978 0.0134132290        0 zi         172.87771630000000 47.9056980 0.319000006  0.0049999999 20210308305926   754    12    4 20.7399998 25.7938976 0.0190262813 0.193973601 0.000011510403    30.0 1.05900002         2 
 754312400008081 153628738 2459290.7915002173 59290.2873843 12.6543589 0.0133367954        0 zi         172.87772580000000 47.9056893 0.837000012  0.0070000002 20210317287384   754    12    4 21.2900009 25.8023586 0.0201271195 0.190387979 0.000012968273    30.0 1.05200005         2 
 754312400008081 154134277 2459295.8467169070 59295.3427778 12.6093378 0.0133601381        0 zi         172.87773260000000 47.9056913 0.537999988 -0.0040000002 20210322342778   754    12    4 20.7700005 25.7463379 0.0190186407 0.188844994 0.000011429478    30.0 1.04200006         2 
 754312400008081 155136881 2459305.8723247712 59305.3688194 12.5037222 0.0134160006        0 zi         172.87772210000000 47.9056915 0.365999997  0.0160000008 20210401368819   754    12    4 20.7800007 25.7827225 0.0212444328 0.189361438 0.000014036681    30.0 1.11600006         2 
 754312400008081 155430130 2459308.8046670835 59308.3013079 12.5655766 0.0133831017        0 zi         172.87771450000000 47.9056865 0.463999987 -0.0040000002 20210404301308   754    12    4 21.0000000 25.5695763 0.0215477236 0.183066934 0.000014764543    30.0 1.03900003         2 
 754312400008081 155726234 2459311.7655527930 59311.2623495 12.6288147 0.0133500043        0 zi         172.87771640000000 47.9056810 0.331999987  0.0070000002 20210407262350   754    12    4 21.3500004 25.7088146 0.0181654040 0.187470675 0.000010441869    30.0 1.03299999         2 
 754312400008081 156030710 2459314.8101412524 59314.3071065 12.5432425 0.0133949220        0 zi         172.87772020000000 47.9056896 0.435999990  0.0329999998 20210410307106   754    12    4 21.0599995 25.7912426 0.0171191189 0.191540852 0.000009152131    30.0 1.05700004         2 
 754312400008081 156322862 2459317.7314883545 59317.2286227 12.5544376 0.0133889895        0 zi         172.87772350000000 47.9056826 0.414000005 -0.0209999997 20210413227535   754    12    4 21.3500004 25.8294373 0.0218081549 0.186634749 0.000015306125    30.0 1.03999996         2 
 754312400008081 156732702 2459321.8296426088 59321.3270255 12.5461378 0.0133933863        0 zi         172.87771010000000 47.9056883 0.698000014  0.0160000008 20210417327014   754    12    4 21.0699997 25.7661381 0.0181481130 0.187875673 0.000010741782    30.0 1.12000000         2 
 754312400008081 157030564 2459324.8080770136 59324.3056481 12.5365963 0.0133984527        0 zi         172.87772280000000 47.9056823 0.391999990 -0.0070000002 20210420305648   754    12    4 20.4799995 25.7615967 0.0195196494 0.200262770 0.000011822576    30.0 1.09399998         2 
 754312400008081 158029877 2459334.8005313417 59334.2987731 12.6621523 0.0133327842        0 zi         172.87771970000000 47.9056845 0.552999973  0.0250000004 20210430298773   754    12    4 20.9500008 25.7581520 0.0196159296 0.194057599 0.000012034130    30.0 1.13800001         2 
 754312400008081 158817576 2459342.6769602005 59342.1757639 12.5195284 0.0134075452        0 zi         172.87772000000000 47.9056872 1.006000042 -0.0160000008 20210508175764   754    12    4 21.1700001 25.7645283 0.0207827389 0.190205082 0.000014129455    30.0 1.03400004         2 
 754312400008081 159926623 2459353.7666145390 59353.2662384 12.6418390 0.0133432578        0 zi         172.87771030000000 47.9056967 0.340999991  0.0040000002 20210519266238   754    12    4 20.2700005 25.7198391 0.0245751403 0.193217099 0.000019304151    30.0 1.19200003         2 
 754312400008081 160419903 2459358.6990469666 59358.1990394 12.5406790 0.0133962836        0 zi         172.87770840000000 47.9056971 0.759000003  0.0480000004 20210524199039   754    12    4 20.4699993 25.7226791 0.0225648936 0.195953444 0.000016108121    30.0 1.07200003         2 
 754312400008081 161332569 2459367.8250249000 59367.3256944 12.5869541 0.0133718504        0 zi         172.87773160000000 47.9056905 0.389999986  0.0099999998 20210602325683   754    12    4 20.4599991 25.6569538 0.0205755532 0.187858537 0.000013206337    30.0 1.80700004         2 
 754312400008081 161730197 2459371.8010199014 59371.3019792 12.5580311 0.0133870877        0 zi         172.87770070000000 47.9056878 1.152999997 -0.0320000015 20210606301979   754    12    4 20.5900002 25.7290306 0.0196889490 0.188132867 0.000012065611    30.0 1.67700005         2 
 754312400008081 162119542 2459375.6941900510 59375.1954282 12.5779371 0.0133765889        0 zi         172.87772350000000 47.9056853 0.393000007  0.0179999992 20210610195417   754    12    4 21.0100002 25.7699375 0.0277231932 0.191722646 0.000023856526    30.0 1.15999997         2 
 754312400008081 162928333 2459383.7815364944 59383.2833333 12.6567078 0.0133355856        0 zi         172.87772150000000 47.9056997 1.264999986 -0.0769999996 20210618283333   754    12    4 19.8500004 25.4997082 0.0337166861 0.201229066 0.000034173616    30.0 1.82200003         2 
 754312400008081 163223936 2459386.7373711220 59386.2393634 12.5826693 0.0133741014        0 zi         172.87773100000000 47.9056879 0.592000008 -0.0240000002 20210621239363   754    12    4 20.0100002 25.6986694 0.0270948131 0.195457056 0.000022618764    30.0 1.50100005         2 
 754312400008081 164719563 2459401.6927460264 59401.1956366 12.5480804 0.0133923553        0 zi         172.87770200000000 47.9056926 0.884999990  0.0989999995 20210706195637   754    12    4 20.6000004 25.7280807 0.0191840529 0.188912511 0.000011458841    30.0 1.48199999         2 
 754312400008081 165820085 2459412.6974246770 59412.2008565 12.6304617 0.0133491494        0 zi         172.87770050000000 47.9056929 1.161999941  0.0439999998 20210717200845   754    12    4 20.2800007 25.5664616 0.0288519133 0.193933100 0.000025936148    30.0 1.78600001         2 
 754312400008081 177152646 2459526.0254565524 59525.5264699 12.6672850 0.0133301485        0 zi         172.87772000000000 47.9056895 0.764999986  0.0000000000 20211107526354   754    12    4 20.4300003 25.7862854 0.0232272800 0.193076059 0.000017258701    30.0 1.39699996         2 
 754312400008081 177752035 2459532.0197934370 59531.5203588 12.5087557 0.0134133045        0 zi         172.87771280000000 47.9056863 0.712000012  0.0759999976 20211113520359   754    12    4 21.2299995 25.8167553 0.0162193552 0.193849370 0.000008240338    30.0 1.34099996         2 
 754312400008081 178649278 2459540.9929078524 59540.4927894 12.6687145 0.0133294156        0 zi         172.87772210000000 47.9056906 0.558000028 -0.0140000004 20211122492789   754    12    4 20.5000000 25.7977142 0.0222260077 0.185738936 0.000016184822    30.0 1.35699999         2 
 754312400008081 186842762 2459622.9321077685 59622.4276273 12.5478592 0.0133924736        0 zi         172.87771000000000 47.9057158 0.930000007 -0.0320000015 20220212427616   754    12    4 20.3199997 25.8178596 0.0249339417 0.187709495 0.000018843364    30.0 1.03299999         2 
 754312400008081 187132531 2459625.8298184960 59625.3253125 12.6742382 0.0133265834        0 zi         172.87771340000000 47.9056847 0.765999973  0.1389999986 20220215325301   754    12    4 20.4799995 25.8272381 0.0243106578 0.186072424 0.000018631014    30.0 1.12399995         2 
 754312400008081 188237224 2459636.8767467327 59636.3722454 12.6557121 0.0133360988        0 zi         172.87768920000000 47.9056861 0.561999977 -0.0040000002 20220226372234   754    12    4 20.8899994 25.8087120 0.0165242050 0.189633578 0.000008775350    30.0 1.03299999         2 
 754312400008081 188522444 2459639.7289182000 59639.2244444 12.6382885 0.0133450944        0 zi         172.87771360000000 47.9056947 0.569999993 -0.0140000004 20220301224352   754    12    4 20.6299992 25.7882881 0.0219538733 0.194345444 0.000015403932    30.0 1.34700000         2 
 754312400008081 192932368 2459683.8264961000 59683.3236806 12.6157646 0.0133567881        0 zi         172.87768990000000 47.9057125 0.358999997  0.0020000001 20220414323669   754    12    4 19.9799995 25.7617645 0.0231461376 0.192953914 0.000017411514    30.0 1.09599996         2 
 754312400008081 193332640 2459687.8289711260 59687.3264005 12.6480675 0.0133400392        0 zi         172.87770940000000 47.9056925 0.493000001  0.0099999998 20220418326400   754    12    4 20.2500000 25.7460670 0.0235178098 0.197480127 0.000017700999    30.0 1.12399995         2 
 754312400008081 193637158 2459690.8739623404 59690.3715856 12.5097418 0.0134127764        0 zi         172.87768850000000 47.9057051 0.140000001  0.0040000002 20220421371586   754    12    4 20.2800007 25.7067413 0.0249868203 0.198445454 0.000019765208    30.0 1.30100000         2 
 754312400008081 197718539 2459731.6848262460 59731.1853935 12.5493565 0.0133916792        0 zi         172.87770510000000 47.9057014 0.864000022 -0.0719999969 20220601185394   754    12    4 20.5699997 25.7373562 0.0256028846 0.192825109 0.000020975454    30.0 1.08299994         2 
