\fixlen = T
\RowsRetrieved = 68
\ hjd (d)
\ mjd (d)
\ mag (mag)
\ magerr (mag)
\ ra (deg)
\ dec (deg)
\ limitmag (mag)
\ magzp (mag)
\ magzprms (mag)
\ exptime (s)
\
|oid            |expid    |hjd               |mjd          |mag       |magerr      |catflags|filtercode|ra                |dec               |chi       |sharp        |filefracday   |field|ccdid|qid |limitmag  |magzp     |magzprms    |clrcoeff   |clrcounc      |exptime|airmass   |programid|
|long           |int      |double            |double       |float     |float       |int     |char      |double            |double            |float     |float        |long          |int  |int  |int |float     |float     |float       |float      |float         |float  |float     |int      |
|               |         |d                 |d            |mag       |mag         |        |          |deg               |deg               |          |             |              |     |     |    |mag       |mag       |mag         |           |              |s      |          |         |
|null           |null     |nan               |nan          |nan       |nan         |null    |null      |nan               |nan               |nan       |nan          |null          |null |null |null|nan       |nan       |nan         |nan        |nan           |nan    |nan       |null     |
 748315300007203  50317311 2458257.6701395907 58257.1731134 14.4400415 0.0116678635        0 zi         118.06537850000000 49.799778500000000 2.70000005 -0.0170000009 20180519173032   748    15    3 19.1599998 25.5220413 0.0392318927 0.167771369 3.51530798E-05    30.0 1.49800003         1 
 748315300007203  50716081 2458261.6575686056 58261.1608102 14.4416609 0.0116676223        0 zi         118.06544530000000 49.799711800000000 1.19799995  0.0219999999 20180523160810   748    15    3 19.0900002 25.5086613 0.0409517437 0.167764977 3.83143306E-05    30.0 1.48800004         3 
 748315300007203  50716172 2458261.6584828470 58261.1617245 14.4043646 0.0116738845        0 zi         118.06551570000000 49.799578300000000 1.35099995 -0.0320000015 20180523161713   748    15    3 19.7700005 25.4863644 0.0288322624 0.187010825 1.76956000E-05    30.0 1.49500000         1 
 748315300007203 116126778 2458915.7707337790 58915.2677894 14.7615795 0.0116810538        0 zi         118.06552130000000 49.799576900000000 1.50699997 -0.0359999985 20200307267708   748    15    3 20.0300007 25.5875797 0.0252613220 0.186684445 1.50254091E-05    30.0 1.09200001         2 
 748315300007203 138649704 2459140.9976732130 59140.4970486 14.5265522 0.0116590299        0 zi         118.06553140000000 49.799566100000000 0.50700003 -0.0049999999 20201018497049   748    15    3 20.8999996 25.6065521 0.0193258077 0.191308171 8.89665262E-06    30.0 1.12100005         2 
 748315300007203 142341944 2459177.9229852710 59177.4194444 14.7860622 0.0116876420        0 zi         118.06556190000000 49.799596600000000 1.37300003  0.0020000001 20201124419444   748    15    3 20.2900009 25.6400623 0.0248699896 0.194713220 1.42224999E-05    30.0 1.07799995         2 
 748315300007203 142744591 2459181.9497085065 59181.4459144 14.7158403 0.0116710374        0 zi         118.06554900000000 49.799571300000000 0.83300000 -0.0170000009 20201128445903   748    15    3 20.0799999 25.6758404 0.0229718331 0.188567102 1.19505612E-05    30.0 1.03900003         2 
 748315300007203 142835160 2459182.8554573930 59182.3516088 14.1963310 0.0117340097        0 zi         118.06553210000000 49.799572000000000 0.68500000 -0.0289999992 20201129351609   748    15    3 20.3600006 25.6723309 0.0201959331 0.180800542 9.55543601E-06    30.0 1.20799994         2 
 748315300007203 143040918 2459184.9131588056 59184.4091898 14.5089598 0.0116601447        0 zi         118.06554430000000 49.799579600000000 1.03100002 -0.0209999997 20201201409132   748    15    3 20.2700005 25.6639595 0.0228074808 0.177156851 1.18591552E-05    30.0 1.06500006         2 
 748315300007203 143332509 2459187.8292236990 59187.3250926 14.2267294 0.0117227286        0 zi         118.06553390000000 49.799573900000000 1.33599997 -0.0719999969 20201204325093   748    15    3 19.8899994 25.6657295 0.0255607162 0.187685996 1.50134656E-05    30.0 1.25500000         2 
 748315300007203 143638733 2459190.8916282630 59190.3873380 14.1323929 0.0117603056        0 zi         118.06553610000000 49.799576300000000 0.78600001 -0.0379999988 20201207387303   748    15    3 20.4400005 25.6573925 0.0201651324 0.187304690 9.36380275E-06    30.0 1.07299995         2 
 748315300007203 144547208 2459199.9767738245 59199.4720833 14.1197338 0.0117659103        0 zi         118.06552800000000 49.799587800000000 0.77600002 -0.0070000002 20201216472083   748    15    3 19.6200008 25.6517334 0.0290969498 0.184640378 1.89627917E-05    30.0 1.06599998         2 
 748315300007203 144845614 2459202.9609429220 59202.4561458 14.1477594 0.0117536765        0 zi         118.06554360000000 49.799580700000000 0.78700000  0.0160000008 20201219456146   748    15    3 20.2800007 25.6567593 0.0214606971 0.188661188 1.02087015E-05    30.0 1.05599999         2 
 748315300007203 145644813 2459210.9531553136 59210.4481366 14.2489548 0.0117149958        0 zi         118.06555350000000 49.799587600000000 0.52200001 -0.0020000001 20201227448125   748    15    3 19.0499992 25.2179546 0.0451485962 0.178114429 4.85284254E-05    30.0 1.07400000         2 
 748315300007203 146138447 2459215.8895870913 59215.3844792 14.6658430 0.0116633903        0 zi         118.06555580000000 49.799590200000000 0.63700002  0.0030000000 20210101384479   748    15    3 18.8999996 25.5148430 0.0450816751 0.190069526 4.70111881E-05    30.0 1.03400004         2 
 748315300007203 146538459 2459219.8897477733 59219.3845949 14.2277288 0.0117223710        0 zi         118.06553710000000 49.799585900000000 0.87900001 -0.0260000005 20210105384595   748    15    3 20.6599998 25.6557293 0.0183057822 0.186205938 7.31128694E-06    30.0 1.03699994         2 
 748315300007203 146842815 2459222.9333302267 59222.4281597 14.0971174 0.0117762415        0 zi         118.06554760000000 49.799571600000000 0.92600000 -0.0640000030 20210108428137   748    15    3 20.4300003 25.6581173 0.0212608892 0.183547586 9.99693020E-06    30.0 1.09500003         2 
 748315300007203 147132401 2459225.8291901518 59225.3240162 14.6733274 0.0116643216        0 zi         118.06552830000000 49.799571300000000 0.52899998 -0.0070000002 20210111323935   748    15    3 20.6499996 25.6443272 0.0212704726 0.188753888 1.04505643E-05    30.0 1.03999996         2 
 748315300007203 147430196 2459228.8071313873 59228.3019676 14.4989843 0.0116609344        0 zi         118.06552170000000 49.799573800000000 1.55200005 -0.1140000001 20210114301887   748    15    3 20.9899998 25.6429844 0.0212165061 0.184800237 1.01080959E-05    30.0 1.05100000         2 
 748315300007203 147727978 2459231.7849198920 59231.2797801 14.1400776 0.0117569650        0 zi         118.06552990000000 49.799596600000000 0.63300002 -0.0099999998 20210117279711   748    15    3 20.1499996 25.6370773 0.0252322815 0.192188993 1.47919563E-05    30.0 1.06700003         2 
 748315300007203 149430587 2459248.8106242010 59248.3058796 14.2405090 0.0117178811        0 zi         118.06553590000000 49.799579200000000 0.86699998 -0.0370000005 20210203305880   748    15    3 20.9500008 25.6425095 0.0180094503 0.184435517 7.44211184E-06    30.0 1.03699994         2 
 748315300007203 149723994 2459251.7445760253 59251.2399421 14.7820692 0.0116865095        0 zi         118.06553860000000 49.799579800000000 1.20700002  0.0640000030 20210206239942   748    15    3 21.0100002 25.6720695 0.0177483596 0.181597278 7.08786320E-06    30.0 1.04999995         2 
 748315300007203 150033084 2459254.8353493647 59254.3308449 14.4118042 0.0116725191        0 zi         118.06554460000000 49.799569500000000 1.74699998 -0.0000000000 20210209330845   748    15    3 20.8600006 25.6578045 0.0186534226 0.186615705 7.88942270E-06    30.0 1.07799995         2 
 748315300007203 150930583 2459263.8098908924 59263.3058333 14.8220243 0.0116989296        0 zi         118.06554640000000 49.799607900000000 0.25099999 -0.0060000001 20210218305833   748    15    3 20.0100002 25.6640244 0.0259953551 0.183577627 1.51342447E-05    30.0 1.07700002         2 
 748315300007203 151219854 2459266.7024342488 59266.1985417 14.0744896 0.0117869796        0 zi         118.06554710000000 49.799594600000000 0.54400003 -0.0020000001 20210221198542   748    15    3 19.6399994 25.6644897 0.0306389481 0.184269443 2.18994155E-05    30.0 1.05100000         2 
 748315300007203 151618173 2459270.6853859870 59270.1817361 14.4919252 0.0116615603        0 zi         118.06553600000000 49.799570700000000 0.57800001 -0.0209999997 20210225181736   748    15    3 20.3099995 25.6709251 0.0241323803 0.182990134 1.40406528E-05    30.0 1.05599999         2 
 748315300007203 152232225 2459276.8255003890 59276.3222569 14.7489843 0.0116779981        0 zi         118.06553440000000 49.799592100000000 0.77100003 -0.0240000002 20210303322199   748    15    3 20.1900005 25.6369839 0.0224435814 0.190922514 1.16413439E-05    30.0 1.19900000         2 
 748315300007203 152632019 2459280.8231565002 59280.3201968 14.3824930 0.0116782337        0 zi         118.06553190000000 49.799577500000000 0.83700001 -0.0500000007 20210307320197   748    15    3 20.8199997 25.6094933 0.0172370076 0.180398002 7.02797252E-06    30.0 1.23000002         2 
 748315300007203 153720530 2459291.7074234660 59291.2053009 14.3588314 0.0116834836        0 zi         118.06552900000000 49.799603600000000 1.10399997 -0.0170000009 20210318204861   748    15    3 20.7299995 25.6268311 0.0222737566 0.187631980 1.10186693E-05    30.0 1.04900002         2 
 748315300007203 154226346 2459296.7651686720 59296.2634606 14.0837336 0.0117825447        0 zi         118.06554650000000 49.799586000000000 0.88000000 -0.0149999997 20210323263461   748    15    3 19.4200001 25.5987339 0.0362435207 0.183199123 3.06814072E-05    30.0 1.18599999         2 
 748315300007203 154918350 2459303.6846299213 59303.1835069 14.5870590 0.0116579793        0 zi         118.06553790000000 49.799579500000000 0.72100002 -0.0469999984 20210330183507   748    15    3 20.6499996 25.6630592 0.0191510860 0.185964823 8.25678853E-06    30.0 1.05999994         2 
 748315300007203 155318607 2459307.6868543206 59307.1860764 14.5769768 0.0116578499        0 zi         118.06554440000000 49.799572400000000 1.20200002 -0.0179999992 20210403186076   748    15    3 20.8099995 25.6629772 0.0237040352 0.183862641 1.32364021E-05    30.0 1.07799995         2 
 748315300007203 155917782 2459313.6780803430 59313.1778241 14.1062021 0.0117720431        0 zi         118.06554130000000 49.799566000000000 0.76999998 -0.0170000009 20210409177801   748    15    3 20.8500004 25.5462017 0.0190656204 0.185466915 8.47068986E-06    30.0 1.09099996         2 
 748315300007203 156223635 2459316.7363433526 59316.2363542 14.1130095 0.0117689408        0 zi         118.06555460000000 49.799571500000000 1.26800001  0.0270000007 20210412236354   748    15    3 20.8899994 25.5660095 0.0201563146 0.182209298 9.36894958E-06    30.0 1.28900003         2 
 748315300007203 157123962 2459325.7388384380 59325.2396296 14.0955830 0.0117769577        0 zi         118.06554000000000 49.799576700000000 0.98900002 -0.0109999999 20210421239630   748    15    3 20.1700001 25.6065826 0.0208647251 0.184490606 1.02783897E-05    30.0 1.43499994         2 
 748315300007203 158917749 2459343.6752397850 59343.1775000 14.5008144 0.0116607798        0 zi         118.06552910000000 49.799572800000000 0.98600000 -0.0270000007 20210509177500   748    15    3 20.7199993 25.5288143 0.0225060750 0.185868829 1.19132847E-05    30.0 1.36099994         2 
 748315300007203 160118504 2459355.6819198450 59355.1850463 14.1076946 0.0117713595        0 zi         118.06557030000000 49.799586200000000 0.77399999 -0.0040000002 20210521185046   748    15    3 19.2099991 25.5836945 0.0371630117 0.178653523 3.26782283E-05    30.0 1.63800001         2 
 748315300007203 160418589 2459358.6825682920 59358.1858912 14.7600155 0.0116806617        0 zi         118.06554080000000 49.799575400000000 1.29700005 -0.1289999932 20210524185891   748    15    3 19.7700005 25.5240154 0.0290651470 0.192051992 1.91082254E-05    30.0 1.72300005         2 
 748315300007203 170048456 2459454.9810969555 59454.4845602 14.8022289 0.0116924783        0 zi         118.06552680000000 49.799586500000000 1.41600001 -0.0710000023 20210828484549   748    15    3 20.4599991 25.5522289 0.0241999254 0.182668120 1.43726656E-05    30.0 2.19899988         2 
 748315300007203 170949356 2459463.9906998720 59463.4935648 14.4458408 0.0116670132        0 zi         118.06555280000000 49.799572700000000 0.69099998  0.0010000000 20210906493565   748    15    3 20.7399998 25.5738411 0.0188735202 0.188508019 8.38507367E-06    30.0 1.75300002         2 
 748315300007203 171249406 2459466.9914134704 59466.4940625 14.0776978 0.0117854336        0 zi         118.06555870000000 49.799571500000000 0.45899999  0.0070000002 20210909494051   748    15    3 20.9099998 25.5366974 0.0191608202 0.190881416 9.01102703E-06    30.0 1.66799998         2 
 748315300007203 171544962 2459469.9472004010 59469.4496296 14.0692930 0.0117895026        0 zi         118.06554330000000 49.799570200000000 0.94800001 -0.0590000004 20210912449618   748    15    3 20.5900002 25.5632935 0.0231700707 0.189906314 1.27520871E-05    30.0 2.10200000         2 
 748315300007203 171847813 2459472.9759395053 59472.4781366 14.5804625 0.0116578806        0 zi         118.06553620000000 49.799572800000000 1.12300003 -0.0049999999 20210915478125   748    15    3 20.6000004 25.6034622 0.0198606215 0.184252664 9.48710385E-06    30.0 1.66400003         2 
 748315300007203 172345267 2459477.9508709670 59477.4526736 14.4510860 0.0116662756        0 zi         118.06556900000000 49.799577400000000 0.68400002 -0.0020000001 20210920452662   748    15    3 20.2399998 25.6220856 0.0274375081 0.185498491 1.76076919E-05    30.0 1.78100002         2 
 748315300007203 173045428 2459484.9530584035 59484.4542824 14.1608944 0.0117481630        0 zi         118.06554840000000 49.799571500000000 0.75800002  0.0439999998 20210927454271   748    15    3 20.3199997 25.5358944 0.0235868096 0.185380608 1.30410535E-05    30.0 1.58700001         2 
 748315300007203 173447776 2459488.9768844773 59488.4777662 14.1470108 0.0117539931        0 zi         118.06555700000000 49.799573800000000 0.90300000 -0.0089999996 20211001477766   748    15    3 20.5100002 25.6300106 0.0198590066 0.184940308 9.24859614E-06    30.0 1.36000001         2 
 748315300007203 174447847 2459498.9784598180 59498.4784722 14.5127554 0.0116598746        0 zi         118.06554930000000 49.799581400000000 0.44100001 -0.0299999993 20211011478461   748    15    3 20.7299995 25.6317558 0.0205215272 0.181980535 9.94894890E-06    30.0 1.23500001         2 
 748315300007203 176447431 2459518.9760324070 59518.4743171 14.5406628 0.0116583956        0 zi         118.06555230000000 49.799575300000000 0.32200000 -0.0000000000 20211031474317   748    15    3 21.1800003 25.6546631 0.0197077319 0.186137602 8.88741124E-06    30.0 1.09700000         2 
 748315300007203 176749461 2459521.9965834212 59521.4946181 14.0703468 0.0117889903        0 zi         118.06557200000000 49.799583200000000 0.37799999 -0.0149999997 20211103494618   748    15    3 20.5000000 25.6463470 0.0208590440 0.185441732 9.88845022E-06    30.0 1.05599999         2 
 748315300007203 177048942 2459524.9916296303 59524.4894213 14.2476559 0.0117154354        0 zi         118.06556040000000 49.799590000000000 0.69099998  0.0430000015 20211106489421   748    15    3 20.8299999 25.6676559 0.0195682030 0.183429003 8.80396328E-06    30.0 1.05299997         2 
 748315300007203 177530603 2459529.8086171276 59529.3060301 14.0892830 0.0117799127        0 zi         118.06557020000000 49.799568000000000 0.64700001 -0.0000000000 20211111306018   748    15    3 19.9699993 25.6342831 0.0276206825 0.177989602 1.76677058E-05    30.0 1.83299994         2 
 748315300007203 177833153 2459532.8343557350 59532.3315394 14.6570234 0.0116623882        0 zi         118.06555850000000 49.799588000000000 0.52999997  0.0030000000 20211114331528   748    15    3 20.5100002 25.6550236 0.0193911437 0.184371963 8.69340511E-06    30.0 1.52300000         2 
 748315300007203 178648918 2459540.9925857643 59540.4891898 14.6958799 0.0116675794        0 zi         118.06556570000000 49.799584100000000 0.81199998 -0.0250000004 20211122489144   748    15    3 20.2999992 25.6598797 0.0224274956 0.184676722 1.13200786E-05    30.0 1.03299999         2 
 748315300007203 179632956 2459550.8335672216 59550.3295602 14.2623549 0.0117105478        0 zi         118.06554360000000 49.799573400000000 0.41900000 -0.0089999996 20211202329560   748    15    3 21.0699997 25.6433544 0.0207036976 0.183243752 1.01828728E-05    30.0 1.26199996         2 
 748315300007203 186919603 2459623.7003671573 59623.1960301 14.4124537 0.0116724027        0 zi         118.06557930000000 49.799590000000000 1.29799998  0.0810000002 20220213196019   748    15    3 20.3299999 25.6744537 0.0250479020 0.176773354 1.47159371E-05    30.0 1.08200002         2 
 748315300007203 187431761 2459628.8216869830 59628.3176157 14.1141319 0.0117684314        0 zi         118.06555080000000 49.799577000000000 2.50300002 -0.1580000073 20220218317593   748    15    3 20.2099991 25.6831322 0.0221385527 0.171857521 1.10472074E-05    30.0 1.09599996         2 
 748315300007203 188323577 2459637.7393108294 59637.2357755 14.3310862 0.0116903512        0 zi         118.06555060000000 49.799574600000000 1.44400001 -0.0879999995 20220227235775   748    15    3 20.7600002 25.6630859 0.0194586907 0.176169038 8.49518165E-06    30.0 1.03499997         2 
 748315300007203 188628675 2459640.7900917220 59640.2867593 14.1185637 0.0117664346        0 zi         118.06555730000000 49.799579000000000 1.98300004  0.0469999984 20220302286736   748    15    3 20.7999992 25.6905632 0.0194179937 0.178519487 8.69505948E-06    30.0 1.10000002         2 
 748315300007203 191819791 2459672.6987157115 59672.1979167 14.1779633 0.0117412135        0 zi         118.06554210000000 49.799590100000000 1.10500002 -0.0240000002 20220403197882   748    15    3 20.9099998 25.6019630 0.0249086898 0.186690673 1.43927437E-05    30.0 1.09700000         2 
 748315300007203 192119090 2459675.6914416975 59675.1909028 14.1398058 0.0117570832        0 zi         118.06554040000000 49.799589900000000 0.79200000  0.0410000011 20220406190463   748    15    3 20.7600002 25.5478058 0.0216973331 0.183287367 1.08106324E-05    30.0 1.09899998         2 
 748315300007203 192427942 2459678.7796907774 59678.2794213 14.2399893 0.0117180608        0 zi         118.06554650000000 49.799580600000000 0.85000002  0.0140000004 20220409279410   748    15    3 20.4300003 25.5789890 0.0272916779 0.181071207 1.82210970E-05    30.0 1.47599995         2 
 748315300007203 192823930 2459682.7392295570 59682.2393056 14.2839651 0.0117037194        0 zi         118.06557160000000 49.799585800000000 0.48800001 -0.0240000002 20220413239294   748    15    3 20.0900002 25.6019650 0.0236649029 0.189137533 1.28909560E-05    30.0 1.31099999         2 
 748315300007203 193128858 2459685.7882465930 59685.2885880 14.7787933 0.0116855949        0 zi         118.06554210000000 49.799601500000000 1.51600003  0.0329999998 20220416288576   748    15    3 19.5100002 25.5977936 0.0332958065 0.183414191 2.64699611E-05    30.0 1.70500004         2 
 748315300007203 194116695 2459695.6657681760 59695.1669560 14.1137905 0.0117685869        0 zi         118.06554600000000 49.799583100000000 1.07599998 -0.0170000009 20220426166944   748    15    3 20.7500000 25.5297909 0.0232777800 0.183986068 1.24276039E-05    30.0 1.17299998         2 
