#     HJD               B        errB
2459655.86465414      15.1325       0.0112
2459655.86672598      15.1464       0.0112
2459655.86879781      15.1695       0.0112
2459655.87111270      15.1761       0.0122
2459655.87318453      15.2038       0.0122
2459655.87526794      15.2259       0.0122
2459655.87733977      15.2704       0.0122
2459655.87941160      15.2717       0.0122
2459655.88148344      15.2761       0.0122
2459655.88355527      15.2945       0.0122
2459655.89507187      15.2769       0.0122
2459655.89714371      15.2884       0.0122
2459655.89922711      15.2708       0.0112
2459655.90129894      15.2651       0.0122
2459655.90337077      15.2650       0.0112
2459655.90545418      15.2899       0.0122
2459655.90752601      15.2903       0.0112
2459655.90960942      15.3109       0.0122
2459655.91668142      15.2257       0.0112
2459655.91876483      15.2095       0.0112
2459655.92139224      15.1502       0.0102
2459655.92346407      15.1600       0.0112
2459655.92553590      15.1517       0.0102
2459655.92761931      15.1292       0.0102
2459655.92969114      15.1195       0.0102
2459655.93177454      15.0973       0.0102
2459655.93384637      15.1006       0.0102
2459655.93592978      15.0799       0.0102
2459655.93800161      15.0915       0.0102
2459655.94008502      15.0729       0.0092
2459655.94215685      15.0705       0.0102
2459655.94318119      15.0487       0.0173
2459655.94464536      15.0570       0.0092
2459655.94727277      15.0205       0.0102
2459655.94934460      15.0397       0.0092
2459655.95142801      15.0341       0.0102
2459655.95349984      15.0276       0.0151
2459655.95558324      15.0332       0.0092
2459655.95765508      15.0253       0.0112
2459655.95972691      15.0056       0.0112
2459655.96181031      15.0498       0.0112
2459655.96388215      15.0287       0.0112
2459655.96596555      15.0450       0.0112
2459655.96803738      15.0293       0.0092
2459655.97012079      15.0375       0.0102
2459655.97219262      15.0567       0.0102
2459655.97427603      15.0654       0.0112
2459655.97634786      15.0685       0.0092
2459655.97843126      15.0693       0.0132
2459655.98051467      15.0763       0.0122
2459655.98258650      15.0951       0.0112
2459655.98466991      15.0992       0.0102
2459655.98674174      15.1212       0.0112
2459655.98882515      15.1383       0.0112
2459655.99089698      15.1652       0.0102
2459655.99298038      15.1583       0.0112
2459655.99505221      15.1785       0.0112
2459655.99710090      15.2018       0.0112
2459655.99918430      15.2289       0.0132
2459656.00125613      15.2573       0.0112
2459656.00332797      15.2939       0.0122
2459656.00541137      15.2997       0.0112
2459656.00749478      15.3048       0.0112
2459656.00957818      15.3158       0.0122
2459656.01166159      15.3038       0.0122
2459656.01373342      15.3579       0.0122
2459656.01580525      15.3441       0.0122
2459656.01787708      15.3608       0.0112
2459662.88464232      15.3058       0.0063
2459662.88672572      15.2944       0.0063
2459662.88880912      15.2861       0.0063
2459662.89089251      15.2924       0.0063
2459662.89297591      15.2756       0.0063
2459662.89505931      15.2618       0.0063
2459662.89714271      15.2441       0.0063
2459662.89921453      15.2046       0.0063
2459662.90129793      15.1814       0.0063
2459662.90336975      15.1746       0.0063
2459662.90544157      15.1470       0.0063
2459662.90751340      15.1376       0.0063
2459662.90958522      15.1169       0.0063
2459662.91165704      15.1020       0.0063
2459662.91372887      15.0921       0.0063
2459662.91580069      15.0862       0.0063
2459662.91787251      15.0845       0.0063
2459662.91994434      15.0664       0.0063
2459662.92201616      15.0585       0.0063
2459662.92408798      15.0644       0.0063
2459662.92615981      15.0404       0.0063
2459662.92823163      15.0510       0.0063
2459662.93030345      15.0352       0.0054
2459662.93237527      15.0414       0.0063
2459662.93444710      15.0255       0.0054
2459662.93651892      15.0209       0.0054
2459662.93860232      15.0241       0.0051
2459662.94067414      15.0245       0.0051
2459662.94274596      15.0163       0.0051
2459662.94481779      15.0353       0.0051
2459662.94688961      15.0340       0.0051
2459662.94896143      15.0404       0.0051
2459662.95104483      15.0500       0.0051
2459662.95311665      15.0536       0.0051
2459662.95518848      15.0600       0.0051
2459662.95726030      15.0735       0.0051
2459662.95933212      15.0746       0.0051
2459662.96142710      15.0924       0.0061
2459662.96352207      15.1057       0.0061
2459662.96561704      15.1062       0.0061
2459662.96771201      15.1234       0.0061
2459662.96980698      15.1430       0.0061
2459662.97190196      15.1656       0.0061
2459662.97400850      15.1864       0.0061
2459662.97609190      15.2022       0.0061
2459662.97818687      15.2302       0.0061
2459662.98025869      15.2636       0.0061
2459662.98234209      15.2732       0.0061
2459662.98441391      15.3034       0.0061
2459662.98648574      15.3301       0.0061
2459662.98856914      15.3266       0.0061
2459662.99064096      15.3376       0.0061
2459662.99271278      15.3465       0.0061
2459662.99479618      15.3490       0.0061
2459662.99686800      15.3642       0.0061
2459662.99895140      15.3494       0.0061
2459663.00102322      15.3577       0.0061
2459663.00309505      15.3704       0.0061
2459663.00517844      15.3671       0.0061
2459663.00725027      15.3543       0.0061
2459663.00932209      15.3520       0.0061
2459663.01139391      15.3458       0.0061
2459663.01347731      15.3373       0.0061
2459663.01554913      15.3159       0.0061
2459663.01762096      15.2943       0.0061
2459709.72756317      15.2819       0.0073
2459709.72988955      15.2896       0.0073
2459709.73193816      15.2997       0.0073
2459709.73986637      15.2909       0.0073
2459709.74191497      15.2840       0.0073
2459709.74602375      15.2860       0.0073
2459709.74807235      15.2767       0.0073
2459709.75013253      15.2834       0.0073
2459709.75218113      15.2821       0.0073
2459709.75424131      15.2777       0.0071
2459709.75628991      15.2788       0.0073
2459709.75833852      15.2460       0.0073
2459709.76039869      15.2268       0.0063
2459709.76245887      15.2129       0.0063
2459709.76451905      15.1823       0.0061
2459709.76657923      15.1647       0.0061
2459709.76863940      15.1607       0.0061
2459709.77068801      15.1460       0.0061
2459709.77274818      15.1195       0.0061
2459709.77480836      15.1170       0.0061
2459709.77686854      15.0893       0.0061
2459709.77892872      15.0947       0.0061
2459709.78098889      15.0933       0.0061
2459709.78304907      15.0815       0.0061
2459709.78510925      15.0681       0.0061
2459709.78716942      15.0606       0.0061
2459709.78922960      15.0590       0.0061
2459709.79128978      15.0515       0.0061
2459709.79334996      15.0491       0.0061
2459709.79541013      15.0507       0.0061
2459709.79747031      15.0356       0.0061
2459709.79953049      15.0389       0.0061
2459709.80159066      15.0377       0.0061
2459709.80365084      15.0314       0.0061
2459709.80571102      15.0251       0.0061
2459709.80777120      15.0381       0.0061
2459709.80983137      15.0375       0.0061
2459709.81189155      15.0376       0.0061
2459709.81395173      15.0504       0.0061
2459709.81601190      15.0531       0.0061
2459709.81807208      15.0649       0.0061
2459709.82013226      15.0668       0.0061
2459709.82219244      15.0674       0.0061
2459709.82425261      15.0858       0.0061
2459709.82631279      15.1084       0.0061
2459709.82837297      15.1080       0.0061
2459709.83043314      15.1266       0.0061
2459709.83249332      15.1424       0.0061
2459709.83455350      15.1547       0.0061
2459709.83662525      15.1797       0.0061
2459709.83868543      15.1966       0.0061
2459709.84074560      15.2180       0.0061
2459709.84280578      15.2398       0.0061
2459709.84486596      15.2688       0.0061
2459709.84693771      15.2924       0.0061
2459709.84899789      15.3193       0.0071
2459709.85105806      15.2635       0.0061
2459709.85311824      15.3464       0.0071
2459709.85518999      15.3463       0.0071
2459709.85725017      15.3554       0.0071
2459709.85931035      15.3447       0.0071
2459709.86137052      15.3570       0.0071
2459709.86344228      15.3633       0.0071
2459709.86550245      15.3545       0.0071
2459709.86756263      15.3573       0.0071
2459709.86962281      15.3618       0.0071
2459709.87169456      15.3506       0.0071
2459709.87375473      15.3503       0.0071
2459709.87581491      15.3460       0.0071
2459709.87788666      15.3277       0.0061
2459709.87994684      15.3101       0.0061
2459712.66016434      15.0585       0.0082
2459712.66222452      15.0638       0.0082
2459712.66427311      15.0593       0.0092
2459712.66633329      15.0597       0.0073
2459712.66838189      15.0478       0.0073
2459712.67044206      15.0612       0.0073
2459712.67249066      15.0509       0.0073
2459712.67455083      15.0594       0.0073
2459712.67659943      15.0555       0.0073
2459712.67865960      15.0770       0.0073
2459712.68070820      15.0862       0.0073
2459712.68481697      15.0661       0.0073
2459712.68794195      15.0905       0.0073
2459712.69000212      15.1097       0.0073
2459712.69205072      15.1198       0.0073
2459712.69530302      15.1164       0.0073
2459712.69736319      15.1342       0.0073
2459712.69938864      15.1493       0.0073
2459712.70144881      15.1517       0.0073
2459712.70462009      15.1793       0.0082
2459712.70666869      15.1960       0.0082
2459712.70872886      15.2139       0.0082
2459712.71078903      15.2579       0.0082
2459712.71283763      15.2725       0.0082
2459712.71489780      15.2940       0.0082
2459712.71695798      15.3009       0.0082
2459712.71901815      15.2949       0.0092
2459712.72106675      15.3060       0.0082
2459712.72312692      15.3006       0.0082
2459712.72518709      15.3048       0.0082
2459712.72929586      15.3176       0.0082
2459712.73135604      15.3066       0.0082
2459712.73341621      15.3064       0.0092
2459712.73546481      15.3153       0.0082
2459712.73752498      15.3048       0.0082
2459712.73958515      15.3043       0.0082
2459712.74370550      15.2871       0.0082
2459712.74576567      15.2985       0.0082
2459712.74782584      15.2826       0.0073
2459712.74988601      15.2623       0.0073
2459712.75194619      15.2310       0.0073
2459712.75399479      15.2120       0.0073
2459712.75661051      15.1879       0.0073
2459712.75867068      15.1698       0.0082
2459712.76073085      15.1475       0.0073
2459712.76279103      15.1449       0.0073
2459712.76483962      15.1140       0.0073
2459712.76689980      15.1038       0.0073
2459712.76895997      15.1121       0.0073
2459712.77102014      15.1081       0.0082
2459712.77308032      15.0878       0.0082
2459712.77514049      15.0851       0.0073
2459712.78676079      15.0408       0.0063
2459712.78882096      15.0377       0.0063
2459712.79088113      15.0335       0.0063
2459712.79294130      15.0428       0.0063
2459712.79500148      15.0409       0.0063
2459712.79706165      15.0335       0.0063
2459712.79912182      15.0435       0.0063
2459712.80118199      15.0436       0.0063
2459712.80324217      15.0454       0.0063
2459712.80530234      15.0437       0.0063
2459712.80736251      15.0603       0.0063
2459712.80942268      15.0641       0.0063
2459712.81148285      15.0844       0.0063
2459712.81354303      15.0788       0.0063
2459712.81560320      15.0830       0.0063
2459712.81766337      15.1010       0.0063
2459712.83024431      15.2007       0.0073
2459712.83229291      15.2217       0.0071
2459712.83435308      15.2493       0.0073
2459712.83640168      15.2636       0.0073
2459712.83845028      15.2904       0.0073
2459712.84051045      15.3216       0.0073
2459712.84255905      15.3278       0.0073
2459712.84460765      15.3494       0.0073
2459712.84666782      15.3462       0.0073
2459712.84871642      15.3466       0.0073
2459712.85077659      15.3637       0.0073
2459712.85282519      15.3509       0.0071
2459712.85487379      15.3558       0.0071
2459712.85693396      15.3633       0.0071
2459712.85898256      15.3574       0.0073
2459712.86104273      15.3663       0.0073
2459712.86309133      15.3473       0.0073
2459712.86515150      15.3575       0.0073
2459712.86720010      15.3477       0.0073
2459712.86926027      15.3288       0.0073
2459712.87130887      15.3256       0.0073
2459712.87336904      15.2973       0.0073
2459712.87541764      15.2706       0.0073
2459712.87747781      15.2362       0.0073
2459712.87952641      15.2279       0.0073
2459712.88158658      15.2092       0.0073
2459712.88363518      15.1892       0.0073
2459712.88569535      15.1612       0.0073
2459712.88775552      15.1458       0.0063
2459712.88980412      15.1390       0.0063
2459712.89186430      15.1223       0.0063
2459712.89391289      15.1091       0.0063
2459712.89597307      15.0968       0.0063
2459712.89802166      15.0947       0.0063
2459712.90008184      15.0775       0.0073
2459712.90213043      15.0832       0.0073
2459712.90419061      15.0721       0.0063
2459712.90623920      15.0651       0.0063
2459712.90829938      15.0508       0.0063
2459712.91090353      15.0458       0.0063
2459712.91296370      15.0481       0.0063
2459712.91501230      15.0508       0.0063
2459712.91707247      15.0483       0.0063
2459712.91912107      15.0500       0.0063
2459712.92118124      15.0518       0.0063
2459712.92324141      15.0565       0.0063
2459712.92529001      15.0626       0.0063
2459712.92735018      15.0527       0.0063
2459712.92941035      15.0664       0.0063
2459712.93145895      15.0765       0.0063
2459712.93351912      15.0791       0.0063
2459712.93557930      15.0107       0.0063
2459712.93762790      15.0857       0.0063
2459712.93968807      15.1119       0.0073
2459712.94174824      15.1058       0.0063
2459712.94380841      15.1139       0.0073
2459712.94585701      15.1292       0.0073
2459712.94791718      15.1442       0.0082
2459712.94997735      15.1462       0.0102
2459712.95202595      15.1578       0.0082
2459712.95408613      15.1773       0.0082
2459712.95614630      15.2101       0.0194
2459712.95820647      15.2258       0.0092
2459712.96025507      15.2439       0.0073
2459712.96231524      15.2611       0.0082
2459712.96437541      15.2861       0.0092
2459712.96643558      15.2900       0.0082
2459712.96849576      15.3013       0.0073
2459712.97055593      15.2852       0.0092
2459712.97261610      15.2921       0.0063
2459712.97466470      15.2967       0.0063
