#     HJD               R         errR
2459655.86215984      14.4093       0.0102
2459655.86365295      14.4042       0.0102
2459655.86573636      14.4198       0.0102
2459655.86780819      14.4179       0.0102
2459655.87012308      14.4538       0.0102
2459655.87219492      14.4968       0.0112
2459655.87426675      14.5019       0.0112
2459655.87635015      14.4999       0.0112
2459655.87842199      14.5514       0.0112
2459655.88049382      14.5332       0.0112
2459655.88256565      14.5437       0.0112
2459655.88463748      14.5492       0.0112
2459655.89408225      14.5561       0.0112
2459655.89615409      14.5602       0.0112
2459655.89822592      14.5689       0.0112
2459655.90030932      14.5545       0.0112
2459655.90238116      14.5506       0.0112
2459655.90446456      14.5469       0.0112
2459655.90653639      14.5642       0.0112
2459655.90860823      14.5615       0.0112
2459655.91463853      14.5218       0.0112
2459655.91569181      14.5371       0.0112
2459655.91776364      14.5048       0.0112
2459655.91984704      14.4633       0.0102
2459655.92076721      14.4814       0.0091
2459655.92247445      14.4606       0.0102
2459655.92454628      14.4324       0.0102
2459655.92661811      14.4225       0.0102
2459655.92870152      14.4037       0.0092
2459655.93077335      14.3820       0.0102
2459655.93285676      14.3919       0.0102
2459655.93494016      14.3691       0.0092
2459655.93701199      14.3613       0.0092
2459655.93909540      14.3647       0.0092
2459655.94116723      14.3583       0.0092
2459655.94365574      14.3400       0.0102
2459655.94835498      14.3219       0.0092
2459655.95042682      14.3305       0.0092
2459655.95251022      14.3102       0.0092
2459655.95458205      14.3204       0.0092
2459655.95666546      14.3092       0.0112
2459655.95874886      14.3218       0.0102
2459655.96080912      14.3166       0.0092
2459655.96289253      14.3094       0.0102
2459655.96496436      14.3105       0.0092
2459655.96704777      14.3139       0.0092
2459655.96911960      14.3125       0.0092
2459655.97120300      14.3178       0.0112
2459655.97327483      14.3420       0.0102
2459655.97535824      14.3443       0.0092
2459655.97743007      14.3418       0.0092
2459655.97951348      14.3587       0.0102
2459655.98159688      14.3642       0.0092
2459655.98368029      14.3751       0.0102
2459655.98575212      14.3652       0.0102
2459655.98783553      14.3877       0.0102
2459655.98990736      14.4253       0.0112
2459655.99197919      14.4487       0.0102
2459655.99406260      14.4461       0.0102
2459655.99613443      14.4807       0.0112
2459655.99818311      14.4775       0.0102
2459656.00026652      14.5157       0.0112
2459656.00233835      14.5523       0.0102
2459656.00442175      14.5559       0.0102
2459656.00649359      14.5592       0.0112
2459656.00857699      14.5869       0.0122
2459656.01066040      14.5812       0.0112
2459656.01274380      14.6017       0.0112
2459656.01481563      14.6007       0.0112
2459656.01688747      14.5973       0.0112
2459656.01895930      14.6108       0.0112
2459662.88364113      14.5719       0.0073
2459662.88572453      14.5590       0.0073
2459662.88781950      14.5782       0.0073
2459662.88989133      14.5735       0.0073
2459662.89197472      14.5614       0.0073
2459662.89405812      14.5463       0.0073
2459662.89614152      14.5137       0.0073
2459662.89822492      14.5149       0.0073
2459662.90029674      14.4851       0.0073
2459662.90238014      14.4543       0.0073
2459662.90445196      14.4446       0.0073
2459662.90652378      14.4185       0.0073
2459662.90859561      14.4121       0.0073
2459662.91066743      14.4136       0.0073
2459662.91273925      14.3843       0.0063
2459662.91481108      14.3868       0.0073
2459662.91688290      14.3707       0.0063
2459662.91896630      14.3607       0.0063
2459662.92103812      14.3625       0.0063
2459662.92310994      14.3509       0.0063
2459662.92724201      14.3263       0.0063
2459662.92931384      14.3296       0.0063
2459662.93138566      14.3131       0.0063
2459662.93345748      14.3222       0.0063
2459662.93552931      14.3205       0.0063
2459662.93760113      14.3051       0.0063
2459662.93968453      14.3021       0.0063
2459662.94175635      14.3122       0.0063
2459662.94383975      14.3177       0.0063
2459662.94591157      14.3077       0.0063
2459662.94798339      14.3177       0.0063
2459662.95005522      14.3322       0.0063
2459662.95212704      14.3350       0.0063
2459662.95419886      14.3533       0.0063
2459662.95627069      14.3540       0.0063
2459662.95834251      14.3553       0.0063
2459662.96042591      14.3735       0.0063
2459662.96252088      14.3713       0.0063
2459662.96461585      14.3852       0.0063
2459662.96671082      14.4090       0.0063
2459662.96880580      14.4240       0.0063
2459662.97090077      14.4384       0.0073
2459662.97300731      14.4531       0.0073
2459662.97510229      14.4741       0.0073
2459662.97718568      14.5117       0.0073
2459662.97928065      14.5166       0.0073
2459662.98135248      14.5414       0.0073
2459662.98342430      14.5759       0.0073
2459662.98549612      14.5860       0.0073
2459662.98757952      14.5973       0.0073
2459662.98965134      14.6173       0.0073
2459662.99172317      14.6051       0.0073
2459662.99380656      14.6139       0.0073
2459662.99587839      14.6054       0.0073
2459662.99796179      14.6144       0.0073
2459663.00003361      14.6177       0.0073
2459663.00210543      14.6076       0.0073
2459663.00418883      14.6217       0.0073
2459663.00626065      14.6028       0.0073
2459663.00834405      14.6174       0.0073
2459663.01041587      14.6185       0.0073
2459663.01248770      14.6049       0.0073
2459663.01455952      14.6091       0.0073
2459663.01664292      14.5780       0.0073
2459709.72658517      14.5642       0.0082
2459709.72863377      14.5570       0.0082
2459709.73096015      14.5701       0.0082
2459709.73302033      14.5749       0.0082
2459709.73888836      14.5598       0.0082
2459709.74093696      14.5790       0.0082
2459709.74298557      14.5758       0.0082
2459709.74504574      14.5712       0.0082
2459709.74709435      14.5811       0.0082
2459709.74914295      14.5615       0.0082
2459709.75120313      14.5472       0.0082
2459709.75325173      14.5763       0.0082
2459709.75531191      14.5750       0.0082
2459709.75736051      14.5375       0.0082
2459709.75942069      14.5224       0.0073
2459709.76148087      14.4972       0.0073
2459709.76352947      14.4968       0.0073
2459709.76558965      14.4578       0.0073
2459709.76764982      14.4593       0.0073
2459709.76971000      14.4292       0.0073
2459709.77177018      14.4086       0.0073
2459709.77383036      14.3914       0.0073
2459709.77589053      14.4022       0.0073
2459709.77795071      14.3818       0.0073
2459709.78001089      14.3745       0.0073
2459709.78207106      14.3583       0.0073
2459709.78413124      14.3591       0.0073
2459709.78619142      14.3569       0.0073
2459709.78825160      14.3483       0.0073
2459709.79031177      14.3374       0.0073
2459709.79236038      14.3299       0.0073
2459709.79443213      14.3336       0.0073
2459709.79649230      14.3286       0.0073
2459709.79855248      14.3214       0.0073
2459709.80061266      14.3251       0.0073
2459709.80266126      14.3126       0.0073
2459709.80472144      14.3171       0.0073
2459709.80678162      14.3223       0.0073
2459709.80884179      14.3138       0.0073
2459709.81090197      14.3166       0.0073
2459709.81296215      14.3301       0.0073
2459709.81502233      14.3340       0.0073
2459709.81709408      14.3637       0.0073
2459709.81915425      14.3563       0.0073
2459709.82121443      14.3557       0.0073
2459709.82327461      14.3660       0.0073
2459709.82533478      14.3873       0.0073
2459709.82739496      14.3731       0.0073
2459709.82945514      14.4071       0.0073
2459709.83151532      14.4117       0.0073
2459709.83357549      14.4398       0.0073
2459709.83563567      14.4524       0.0073
2459709.83770742      14.4632       0.0073
2459709.83976760      14.4829       0.0073
2459709.84182778      14.5083       0.0073
2459709.84388795      14.5284       0.0073
2459709.84594813      14.5487       0.0073
2459709.84800831      14.5700       0.0082
2459709.85008006      14.5925       0.0082
2459709.85214024      14.5954       0.0082
2459709.85420041      14.6149       0.0082
2459709.85626059      14.6142       0.0082
2459709.85832077      14.6022       0.0082
2459709.86039252      14.6325       0.0082
2459709.86245270      14.6136       0.0082
2459709.86451287      14.6129       0.0082
2459709.86658462      14.6097       0.0082
2459709.86864480      14.6182       0.0082
2459709.87070498      14.6126       0.0082
2459709.87277673      14.6198       0.0082
2459709.87483691      14.6051       0.0082
2459709.87689708      14.6086       0.0082
2459709.87895726      14.5904       0.0073
2459712.65918634      14.3552       0.0082
2459712.66123494      14.3360       0.0082
2459712.66329511      14.3419       0.0082
2459712.66534371      14.3383       0.0082
2459712.66740388      14.3300       0.0073
2459712.66945248      14.3346       0.0073
2459712.67151265      14.3314       0.0073
2459712.67356125      14.3337       0.0073
2459712.67562142      14.3322       0.0073
2459712.67768160      14.3594       0.0082
2459712.67973020      14.3551       0.0073
2459712.68177879      14.3583       0.0073
2459712.68383897      14.3649       0.0073
2459712.68589914      14.3717       0.0082
2459712.68901255      14.3825       0.0073
2459712.69107272      14.3935       0.0082
2459712.69431344      14.4057       0.0082
2459712.69637361      14.4167       0.0082
2459712.69843378      14.4198       0.0082
2459712.70045924      14.4563       0.0082
2459712.70363051      14.4529       0.0082
2459712.70569069      14.4864       0.0082
2459712.70775086      14.4955       0.0082
2459712.70979946      14.5122       0.0082
2459712.71185963      14.5590       0.0092
2459712.71391980      14.5665       0.0082
2459712.71597997      14.5843       0.0082
2459712.71802857      14.5879       0.0082
2459712.72008874      14.5754       0.0082
2459712.72213734      14.5893       0.0082
2459712.72419752      14.5842       0.0082
2459712.72625769      14.5848       0.0092
2459712.72831786      14.5757       0.0082
2459712.73037803      14.5894       0.0102
2459712.73242663      14.5868       0.0082
2459712.73448680      14.5898       0.0082
2459712.73654698      14.5807       0.0082
2459712.73859557      14.5810       0.0082
2459712.74065575      14.5710       0.0102
2459712.74271592      14.5777       0.0082
2459712.74477609      14.5782       0.0082
2459712.74683626      14.5635       0.0082
2459712.74889644      14.5570       0.0082
2459712.75095661      14.5345       0.0082
2459712.75301678      14.5162       0.0082
2459712.75768110      14.4663       0.0082
2459712.75974128      14.4543       0.0082
2459712.76180145      14.4289       0.0082
2459712.76386162      14.4227       0.0092
2459712.76592179      14.3997       0.0073
2459712.76798197      14.4002       0.0082
2459712.77003057      14.3922       0.0082
2459712.77209074      14.3791       0.0102
2459712.77415091      14.3662       0.0092
2459712.77621108      14.3707       0.0082
2459712.78783138      14.3298       0.0073
2459712.78989155      14.3250       0.0073
2459712.79195173      14.3297       0.0073
2459712.79401190      14.3232       0.0073
2459712.79607207      14.3266       0.0082
2459712.79813224      14.3239       0.0073
2459712.80019242      14.3339       0.0073
2459712.80225259      14.3336       0.0073
2459712.80432433      14.3361       0.0073
2459712.80638451      14.3324       0.0073
2459712.80844468      14.3448       0.0073
2459712.81050485      14.3574       0.0073
2459712.81256502      14.3700       0.0073
2459712.81462520      14.3655       0.0073
2459712.81668537      14.3764       0.0073
2459712.81874554      14.3870       0.0073
2459712.82926631      14.4779       0.0073
2459712.83131491      14.4817       0.0073
2459712.83337508      14.5156       0.0073
2459712.83542368      14.5217       0.0073
2459712.83747228      14.5680       0.0082
2459712.83952087      14.5727       0.0082
2459712.84158105      14.5955       0.0082
2459712.84362964      14.6109       0.0082
2459712.84567824      14.6108       0.0082
2459712.84773841      14.6041       0.0082
2459712.84978701      14.6237       0.0082
2459712.85184719      14.6198       0.0082
2459712.85389578      14.6145       0.0082
2459712.85594438      14.6138       0.0082
2459712.85800455      14.6110       0.0082
2459712.86005315      14.6255       0.0082
2459712.86211332      14.6171       0.0082
2459712.86416192      14.6116       0.0082
2459712.86622210      14.6083       0.0082
2459712.86827069      14.6172       0.0082
2459712.87033087      14.6013       0.0082
2459712.87237946      14.5945       0.0082
2459712.87443964      14.5720       0.0082
2459712.87648823      14.5333       0.0073
2459712.87854841      14.5113       0.0073
2459712.88059701      14.4904       0.0082
2459712.88265718      14.4799       0.0073
2459712.88471735      14.4561       0.0073
2459712.88676595      14.4330       0.0073
2459712.88882612      14.4260       0.0073
2459712.89087472      14.4054       0.0073
2459712.89293489      14.3990       0.0073
2459712.89498349      14.3834       0.0073
2459712.89704366      14.3653       0.0073
2459712.89909226      14.3687       0.0082
2459712.90115243      14.3585       0.0073
2459712.90320103      14.3576       0.0073
2459712.90526120      14.3519       0.0073
2459712.90730980      14.3542       0.0073
2459712.91197412      14.3321       0.0073
2459712.91403429      14.3323       0.0073
2459712.91608289      14.3299       0.0073
2459712.91814306      14.3247       0.0073
2459712.92019166      14.3441       0.0073
2459712.92225183      14.3332       0.0073
2459712.92431201      14.3430       0.0073
2459712.92637218      14.3290       0.0073
2459712.92842078      14.3441       0.0073
2459712.93048095      14.3378       0.0073
2459712.93254112      14.3520       0.0073
2459712.93458972      14.3656       0.0073
2459712.93664989      14.3705       0.0073
2459712.93869849      14.3810       0.0082
2459712.94075866      14.3929       0.0082
2459712.94281884      14.4021       0.0082
2459712.94487901      14.4011       0.0092
2459712.94693918      14.4033       0.0082
2459712.94898778      14.4235       0.0122
2459712.95104795      14.4396       0.0214
2459712.95310812      14.4566       0.0092
2459712.95515672      14.4846       0.0153
2459712.95721689      14.4929       0.0163
2459712.95927706      14.5132       0.0092
2459712.96133724      14.5403       0.0092
2459712.96339741      14.5414       0.0092
2459712.96545758      14.5636       0.0092
2459712.96750618      14.5669       0.0092
2459712.96956635      14.5693       0.0092
2459712.97162652      14.5757       0.0092
2459712.97368669      14.5859       0.0073
2459712.97574687      14.5885       0.0082
