#     HJD               V         errV
2459655.86409857      14.6926       0.0122
2459655.86617040      14.6820       0.0122
2459655.86825381      14.7314       0.0122
2459655.87055713      14.7478       0.0132
2459655.87262896      14.7579       0.0122
2459655.87471237      14.7900       0.0132
2459655.87678420      14.8057       0.0132
2459655.87885603      14.8266       0.0132
2459655.88092786      14.8494       0.0132
2459655.88299969      14.8425       0.0132
2459655.89451630      14.8402       0.0132
2459655.89659970      14.8344       0.0132
2459655.89867154      14.8623       0.0132
2459655.90074337      14.8618       0.0132
2459655.90282677      14.8570       0.0132
2459655.90489860      14.8313       0.0132
2459655.90697044      14.8340       0.0122
2459655.90905384      14.8482       0.0132
2459655.91612585      14.8038       0.0122
2459655.91820926      14.7994       0.0122
2459655.92290849      14.7049       0.0112
2459655.92499190      14.7064       0.0112
2459655.92706373      14.7041       0.0112
2459655.92914714      14.7048       0.0112
2459655.93121897      14.6726       0.0112
2459655.93329080      14.6717       0.0112
2459655.93537421      14.6606       0.0112
2459655.93745761      14.6399       0.0102
2459655.93952944      14.6452       0.0112
2459655.94160128      14.6342       0.0122
2459655.94408979      14.6423       0.0112
2459655.94671719      14.6173       0.0112
2459655.94878903      14.6250       0.0102
2459655.95087243      14.5999       0.0102
2459655.95294426      14.5919       0.0132
2459655.95502767      14.5853       0.0112
2459655.95709950      14.5916       0.0112
2459655.95918291      14.5875       0.0102
2459655.96125474      14.5833       0.0112
2459655.96332657      14.5647       0.0112
2459655.96540998      14.6046       0.0122
2459655.96749338      14.5966       0.0112
2459655.96956521      14.5846       0.0112
2459655.97163705      14.6078       0.0122
2459655.97370888      14.6208       0.0112
2459655.97579228      14.6293       0.0102
2459655.97787569      14.6119       0.0122
2459655.97995910      14.6189       0.0112
2459655.98203093      14.6584       0.0112
2459655.98411433      14.6725       0.0112
2459655.98618616      14.6673       0.0112
2459655.98826957      14.6614       0.0112
2459655.99034140      14.6916       0.0112
2459655.99242481      14.7332       0.0122
2459655.99449664      14.7396       0.0122
2459655.99654532      14.7709       0.0132
2459655.99862873      14.7749       0.0122
2459656.00070056      14.8140       0.0141
2459656.00277239      14.8444       0.0122
2459656.00485580      14.8568       0.0122
2459656.00693920      14.8779       0.0122
2459656.00902261      14.8661       0.0132
2459656.01110602      14.8884       0.0132
2459656.01317785      14.8971       0.0122
2459656.01524968      14.8967       0.0122
2459656.01732151      14.9031       0.0141
2459656.01940492      14.8759       0.0132
2459662.88408675      14.8547       0.0082
2459662.88617015      14.8464       0.0082
2459662.88825354      14.8452       0.0082
2459662.89033694      14.8605       0.0082
2459662.89242034      14.8317       0.0082
2459662.89658713      14.7933       0.0082
2459662.89865896      14.7812       0.0073
2459662.90074235      14.7485       0.0073
2459662.90281418      14.7314       0.0073
2459662.90488600      14.7111       0.0073
2459662.90695782      14.6936       0.0073
2459662.90902965      14.6855       0.0073
2459662.91110147      14.6742       0.0073
2459662.91317329      14.6634       0.0073
2459662.91524512      14.6555       0.0073
2459662.91732851      14.6455       0.0073
2459662.91940034      14.6299       0.0073
2459662.92147216      14.6198       0.0073
2459662.92354398      14.6205       0.0073
2459662.92560423      14.6207       0.0073
2459662.92767606      14.5985       0.0073
2459662.92974788      14.6109       0.0073
2459662.93181970      14.6071       0.0073
2459662.93389152      14.5867       0.0073
2459662.93596335      14.5919       0.0073
2459662.93804675      14.5878       0.0073
2459662.94011857      14.5950       0.0073
2459662.94220197      14.5849       0.0073
2459662.94427379      14.5965       0.0073
2459662.94634561      14.5985       0.0073
2459662.94841744      14.6010       0.0073
2459662.95048926      14.6079       0.0073
2459662.95256108      14.6229       0.0073
2459662.95463290      14.6235       0.0073
2459662.95670473      14.6219       0.0073
2459662.95878813      14.6505       0.0073
2459662.96087152      14.6508       0.0073
2459662.96296650      14.6535       0.0073
2459662.96506147      14.6709       0.0073
2459662.96715644      14.6887       0.0073
2459662.96925141      14.7115       0.0073
2459662.97134638      14.7260       0.0073
2459662.97345293      14.7440       0.0073
2459662.97553633      14.7508       0.0073
2459662.97763130      14.7821       0.0073
2459662.97971470      14.8013       0.0073
2459662.98178652      14.8350       0.0073
2459662.98385834      14.8601       0.0073
2459662.98594174      14.8840       0.0082
2459662.98801356      14.8873       0.0082
2459662.99008539      14.9019       0.0082
2459662.99216878      14.8884       0.0082
2459662.99424061      14.8957       0.0082
2459662.99632400      14.9020       0.0082
2459662.99839583      14.9056       0.0082
2459663.00046765      14.9070       0.0082
2459663.00255105      14.9245       0.0082
2459663.00462287      14.9033       0.0082
2459663.00669469      14.9109       0.0082
2459663.00877809      14.9074       0.0082
2459663.01084991      14.9061       0.0082
2459663.01292174      14.9031       0.0082
2459663.01500513      14.8896       0.0082
2459663.01707696      14.8560       0.0073
2459709.72701919      14.8641       0.0092
2459709.72934557      14.8539       0.0092
2459709.73139418      14.8525       0.0092
2459709.73932239      14.8459       0.0082
2459709.74137099      14.8639       0.0082
2459709.74341959      14.8597       0.0082
2459709.74546820      14.8573       0.0082
2459709.74752837      14.8473       0.0082
2459709.74957698      14.8364       0.0082
2459709.75163715      14.8399       0.0082
2459709.75368576      14.8520       0.0082
2459709.75574593      14.8318       0.0082
2459709.75779454      14.8185       0.0082
2459709.75985471      14.7972       0.0082
2459709.76191489      14.7653       0.0082
2459709.76396350      14.7617       0.0082
2459709.76602367      14.7201       0.0082
2459709.76808385      14.7148       0.0082
2459709.77014403      14.7004       0.0082
2459709.77220420      14.6920       0.0073
2459709.77426438      14.6747       0.0073
2459709.77632456      14.6653       0.0073
2459709.77838474      14.6497       0.0073
2459709.78044491      14.6545       0.0073
2459709.78250509      14.6372       0.0073
2459709.78456527      14.6311       0.0073
2459709.78662544      14.6234       0.0073
2459709.78868562      14.6233       0.0073
2459709.79074580      14.6135       0.0073
2459709.79279440      14.6119       0.0073
2459709.79486615      14.5977       0.0073
2459709.79692633      14.6037       0.0073
2459709.79898651      14.5946       0.0073
2459709.80103511      14.6027       0.0073
2459709.80309529      14.5933       0.0073
2459709.80515547      14.5899       0.0073
2459709.80721564      14.5975       0.0073
2459709.80927582      14.5989       0.0073
2459709.81133600      14.6073       0.0073
2459709.81339617      14.6032       0.0073
2459709.81545635      14.6123       0.0073
2459709.81752810      14.6312       0.0073
2459709.81958828      14.6251       0.0073
2459709.82164846      14.6379       0.0073
2459709.82370863      14.6503       0.0073
2459709.82576881      14.6781       0.0073
2459709.82782899      14.6736       0.0073
2459709.82988917      14.6804       0.0073
2459709.83194934      14.7048       0.0073
2459709.83400952      14.7176       0.0082
2459709.83606970      14.7173       0.0073
2459709.83814145      14.7556       0.0082
2459709.84020162      14.7691       0.0082
2459709.84226180      14.7843       0.0082
2459709.84432198      14.8147       0.0082
2459709.84638216      14.8556       0.0082
2459709.84844233      14.8813       0.0082
2459709.85051409      14.8744       0.0082
2459709.85257426      14.8817       0.0082
2459709.85463444      14.8891       0.0082
2459709.85669462      14.8978       0.0082
2459709.85875479      14.8991       0.0082
2459709.86082654      14.9116       0.0082
2459709.86288672      14.8990       0.0082
2459709.86494690      14.9254       0.0082
2459709.86701865      14.9115       0.0082
2459709.86907883      14.9051       0.0082
2459709.87113900      14.8990       0.0082
2459709.87321075      14.9143       0.0082
2459709.87527093      14.9116       0.0082
2459709.87733111      14.8968       0.0082
2459709.87939129      14.8836       0.0082
2459712.65962036      14.6373       0.0092
2459712.66166896      14.6233       0.0092
2459712.66372914      14.6146       0.0092
2459712.66577773      14.6187       0.0082
2459712.66783791      14.5990       0.0082
2459712.66988651      14.6160       0.0082
2459712.67194668      14.6092       0.0082
2459712.67399528      14.6322       0.0082
2459712.67605545      14.6271       0.0082
2459712.67810405      14.6301       0.0082
2459712.68016422      14.6208       0.0082
2459712.68221282      14.6418       0.0082
2459712.68427299      14.6398       0.0092
2459712.68739797      14.6465       0.0082
2459712.68944657      14.6552       0.0082
2459712.69150674      14.6770       0.0092
2459712.69474747      14.6887       0.0082
2459712.69680764      14.7001       0.0082
2459712.69884466      14.7196       0.0082
2459712.70089326      14.7231       0.0082
2459712.70406454      14.7515       0.0092
2459712.70612471      14.7710       0.0092
2459712.70818488      14.7941       0.0092
2459712.71023348      14.8037       0.0092
2459712.71229365      14.8268       0.0092
2459712.71435383      14.8522       0.0092
2459712.71641400      14.8665       0.0092
2459712.71846260      14.8779       0.0092
2459712.72052277      14.8666       0.0092
2459712.72258294      14.8694       0.0092
2459712.72463154      14.8663       0.0092
2459712.72669171      14.8610       0.0092
2459712.72875189      14.8685       0.0092
2459712.73081206      14.8944       0.0112
2459712.73286066      14.8651       0.0092
2459712.73492083      14.8603       0.0092
2459712.73698100      14.8788       0.0092
2459712.73904117      14.8693       0.0092
2459712.74108977      14.8667       0.0112
2459712.74314994      14.8758       0.0092
2459712.74521012      14.8695       0.0092
2459712.74727029      14.8536       0.0092
2459712.74933046      14.8309       0.0082
2459712.75139063      14.7973       0.0082
2459712.75345081      14.7841       0.0082
2459712.75605496      14.7605       0.0082
2459712.75811513      14.7252       0.0082
2459712.76017530      14.7193       0.0092
2459712.76223547      14.6978       0.0082
2459712.76429565      14.7065       0.0092
2459712.76635582      14.6869       0.0082
2459712.76841599      14.6669       0.0082
2459712.77046459      14.6464       0.0082
2459712.77252476      14.6443       0.0122
2459712.77458494      14.6610       0.0092
2459712.78620523      14.6303       0.0073
2459712.78826541      14.6068       0.0073
2459712.79032558      14.6044       0.0073
2459712.79238575      14.6067       0.0073
2459712.79444592      14.6067       0.0073
2459712.79650610      14.5951       0.0082
2459712.79857784      14.6072       0.0073
2459712.80063801      14.6116       0.0082
2459712.80269819      14.6093       0.0073
2459712.80475836      14.6072       0.0073
2459712.80681853      14.6169       0.0073
2459712.80887870      14.6429       0.0073
2459712.81093888      14.6412       0.0073
2459712.81299905      14.6533       0.0082
2459712.81505922      14.6611       0.0073
2459712.81711939      14.6684       0.0082
2459712.82970033      14.7515       0.0082
2459712.83174893      14.7748       0.0082
2459712.83379753      14.7885       0.0082
2459712.83585770      14.8219       0.0082
2459712.83790630      14.8530       0.0082
2459712.83995490      14.8729       0.0082
2459712.84201507      14.8926       0.0082
2459712.84406367      14.8974       0.0082
2459712.84611227      14.9079       0.0082
2459712.84817244      14.9052       0.0082
2459712.85022104      14.9084       0.0082
2459712.85228121      14.9213       0.0082
2459712.85432981      14.8992       0.0082
2459712.85637841      14.9138       0.0082
2459712.85843858      14.9064       0.0082
2459712.86048718      14.9164       0.0082
2459712.86254735      14.9030       0.0082
2459712.86460752      14.9027       0.0082
2459712.86665612      14.9001       0.0082
2459712.86870472      14.8936       0.0082
2459712.87076489      14.8822       0.0082
2459712.87281349      14.8648       0.0082
2459712.87487366      14.8345       0.0082
2459712.87692226      14.8196       0.0082
2459712.87898243      14.7987       0.0082
2459712.88103103      14.7760       0.0082
2459712.88309120      14.7485       0.0082
2459712.88515137      14.7269       0.0082
2459712.88719997      14.7139       0.0082
2459712.88926015      14.7021       0.0082
2459712.89130874      14.6862       0.0082
2459712.89336892      14.6916       0.0082
2459712.89541751      14.6614       0.0073
2459712.89747769      14.6554       0.0082
2459712.89952628      14.6411       0.0082
2459712.90158646      14.6313       0.0082
2459712.90363505      14.6353       0.0073
2459712.90569523      14.6303       0.0073
2459712.90774382      14.6183       0.0073
2459712.91034798      14.6292       0.0073
2459712.91240815      14.6215       0.0073
2459712.91446832      14.6149       0.0073
2459712.91651692      14.6027       0.0073
2459712.91857709      14.6123       0.0073
2459712.92063726      14.6049       0.0073
2459712.92268586      14.6219       0.0073
2459712.92474603      14.6169       0.0073
2459712.92680620      14.6330       0.0073
2459712.92885480      14.6322       0.0082
2459712.93091498      14.6368       0.0082
2459712.93297515      14.6424       0.0082
2459712.93502375      14.6487       0.0082
2459712.93708392      14.6535       0.0073
2459712.93914409      14.6602       0.0092
2459712.94119269      14.6757       0.0082
2459712.94325286      14.6578       0.0092
2459712.94531303      14.6927       0.0092
2459712.94737320      14.7128       0.0102
2459712.94942180      14.7066       0.0133
2459712.95148197      14.7163       0.0112
2459712.95354215      14.7374       0.0092
2459712.95559074      14.7597       0.0194
2459712.95765092      14.7532       0.0153
2459712.95971109      14.8000       0.0092
2459712.96177126      14.8281       0.0102
2459712.96383143      14.8453       0.0102
2459712.96589161      14.8566       0.0102
2459712.96795178      14.8586       0.0092
2459712.97000038      14.8698       0.0102
2459712.97206055      14.8576       0.0082
2459712.97412072      14.8643       0.0082
2459712.97618089      14.8555       0.0082
